   8.0000000e+00   4.4066992e-01  -4.3504375e+00
   8.0000000e+00   2.7822461e-01  -4.0888125e+00
   8.0000000e+00   2.8741406e-01  -4.3654375e+00
   2.0000000e+00   3.0232617e-01  -5.9131875e+00
   2.0000000e+00   1.6425195e-01  -2.8780625e+00
   8.0000000e+00   1.8921094e-01  -3.3283750e+00
   2.0000000e+00   2.3323633e-01  -4.2458750e+00
   8.0000000e+00   3.4156641e-01  -4.8388125e+00
   8.0000000e+00   2.8816211e-01  -3.7532500e+00
   2.0000000e+00   2.6739844e-01  -3.4702500e+00
   2.0000000e+00   2.3461914e-01  -3.3475000e+00
   2.0000000e+00   2.8325195e-01  -4.8611250e+00
   8.0000000e+00   4.2295508e-01  -4.5832500e+00
   2.0000000e+00   3.3435352e-01  -3.8088750e+00
   8.0000000e+00   3.5011133e-01  -4.5961875e+00
   2.0000000e+00   1.9907422e-01  -3.6469375e+00
   8.0000000e+00   3.0645703e-01  -2.0820000e+00
   2.0000000e+00   1.1708789e-01  -2.7410625e+00
   2.0000000e+00   2.6368750e-01  -4.3882500e+00
   8.0000000e+00   3.3792773e-01  -3.1846875e+00
   8.0000000e+00   4.1233789e-01  -5.5705000e+00
   8.0000000e+00   3.5138672e-01  -4.4420625e+00
   8.0000000e+00   2.4904883e-01  -4.0290625e+00
   8.0000000e+00   2.6214258e-01  -4.1001250e+00
   8.0000000e+00   2.7826172e-01  -4.4676875e+00
   8.0000000e+00   3.3248828e-01  -2.5020000e+00
   2.0000000e+00   3.0964648e-01  -4.9491250e+00
   2.0000000e+00   2.9937891e-01  -5.5686875e+00
   2.0000000e+00   4.0496289e-01  -6.0150625e+00
   2.0000000e+00   3.1347070e-01  -3.9344375e+00
   8.0000000e+00   3.6280664e-01  -5.8456875e+00
   8.0000000e+00   3.5701172e-01  -4.0114375e+00
   8.0000000e+00   3.3430859e-01  -3.2810625e+00
   8.0000000e+00   2.9611523e-01  -5.2068125e+00
   2.0000000e+00   3.2455469e-01  -6.3529375e+00
   8.0000000e+00   3.2277539e-01  -3.7033125e+00
   8.0000000e+00   3.3418555e-01  -2.9563750e+00
   8.0000000e+00   1.6690234e-01  -2.8409375e+00
   2.0000000e+00   2.7851172e-01  -5.1588125e+00
   2.0000000e+00   1.6137500e-01  -3.1418750e+00
   8.0000000e+00   3.3725781e-01  -3.8690000e+00
   2.0000000e+00   3.0006445e-01  -4.9890000e+00
   2.0000000e+00   2.5207813e-01  -5.3381250e+00
   2.0000000e+00   2.4014258e-01  -2.9931875e+00
   2.0000000e+00   3.9188867e-01  -5.9671875e+00
   8.0000000e+00   2.5451758e-01  -1.7416875e+00
   8.0000000e+00   3.0048633e-01  -3.5057500e+00
   2.0000000e+00   2.0572852e-01  -3.8619375e+00
   2.0000000e+00   3.4291211e-01  -6.4613750e+00
   2.0000000e+00   3.1355664e-01  -4.3781875e+00
   2.0000000e+00   1.6754883e-01  -3.0082500e+00
   2.0000000e+00   2.1959570e-01  -4.1358125e+00
   2.0000000e+00   1.5616016e-01  -3.1676875e+00
   2.0000000e+00   1.6002539e-01  -2.4193750e+00
   8.0000000e+00   2.4953906e-01  -2.5758125e+00
   2.0000000e+00   1.9980273e-01  -2.6626875e+00
   2.0000000e+00   2.8785156e-01  -4.1078750e+00
   8.0000000e+00   2.7072070e-01  -4.2679375e+00
   2.0000000e+00   1.9296680e-01  -3.8806875e+00
   2.0000000e+00   1.7541602e-01  -3.6166875e+00
   2.0000000e+00   3.4135156e-01  -3.9849375e+00
   8.0000000e+00   3.7868359e-01  -4.4215000e+00
   2.0000000e+00   2.9270117e-01  -3.2854375e+00
   2.0000000e+00   2.6468555e-01  -4.5948750e+00
   8.0000000e+00   2.2776367e-01  -2.7851250e+00
   8.0000000e+00   3.3098047e-01  -2.8483125e+00
   8.0000000e+00   3.9789844e-01  -2.9333125e+00
   8.0000000e+00   3.1657031e-01  -3.5923750e+00
   8.0000000e+00   2.1885156e-01  -1.7906875e+00
   8.0000000e+00   3.1800195e-01  -2.7066875e+00
   8.0000000e+00   1.9188281e-01  -2.0279375e+00
   8.0000000e+00   1.7126758e-01  -2.6516875e+00
   8.0000000e+00   2.9497461e-01  -2.2556875e+00
   2.0000000e+00   2.9803320e-01  -4.7351250e+00
   2.0000000e+00   3.7451172e-01  -5.1918125e+00
   2.0000000e+00   3.6505469e-01  -6.3261875e+00
   8.0000000e+00   2.8387305e-01  -3.2044375e+00
   2.0000000e+00   2.2577344e-01  -4.9801250e+00
   2.0000000e+00   1.7110742e-01  -3.0755625e+00
   2.0000000e+00   3.3290039e-01  -3.6212500e+00
   8.0000000e+00   4.0943945e-01  -2.8265625e+00
   2.0000000e+00   3.2070508e-01  -4.3083125e+00
   8.0000000e+00   2.0573242e-01  -2.7020000e+00
   2.0000000e+00   4.6189453e-01  -4.7460625e+00
   8.0000000e+00   3.4373047e-01  -3.9113750e+00
   8.0000000e+00   2.4505859e-01  -3.2475000e+00
   2.0000000e+00   3.4991016e-01  -4.7875000e+00
   2.0000000e+00   2.8753320e-01  -5.1054375e+00
   8.0000000e+00   2.6678516e-01  -2.5133750e+00
   2.0000000e+00   3.6113672e-01  -5.1243125e+00
   2.0000000e+00   3.6351563e-01  -4.7831250e+00
   8.0000000e+00   2.5408203e-01  -4.2065000e+00
   2.0000000e+00   1.8582227e-01  -3.3716250e+00
   2.0000000e+00   3.8668750e-01  -5.8071875e+00
   2.0000000e+00   1.8260156e-01  -3.7633125e+00
   2.0000000e+00   2.9004102e-01  -4.7577500e+00
   8.0000000e+00   3.4565430e-01  -3.2239375e+00
   2.0000000e+00   1.9016016e-01  -2.0351250e+00
   2.0000000e+00   2.6513867e-01  -4.9476250e+00
   8.0000000e+00   2.4648828e-01  -3.0902500e+00
   2.0000000e+00   2.7569727e-01  -5.1150000e+00
   2.0000000e+00   2.2478906e-01  -4.1161250e+00
   8.0000000e+00   1.9146289e-01  -3.1794375e+00
   2.0000000e+00   2.3526758e-01  -3.8068750e+00
   2.0000000e+00   2.2725781e-01  -4.5017500e+00
   8.0000000e+00   3.2058789e-01  -2.1623750e+00
   2.0000000e+00   4.0533789e-01  -6.4565000e+00
   2.0000000e+00   1.3626172e-01  -2.8964375e+00
   2.0000000e+00   1.8567383e-01  -3.1919375e+00
   2.0000000e+00   2.3300781e-01  -4.5359375e+00
   2.0000000e+00   2.9791797e-01  -4.2606875e+00
   2.0000000e+00   1.3382422e-01  -2.4320000e+00
   8.0000000e+00   3.4362500e-01  -3.1510625e+00
   2.0000000e+00   2.7994922e-01  -4.9381250e+00
   2.0000000e+00   2.2071289e-01  -3.8032500e+00
   2.0000000e+00   1.5137891e-01  -3.0066250e+00
   8.0000000e+00   3.0064063e-01  -4.6267500e+00
   2.0000000e+00   1.9955273e-01  -3.7710000e+00
   2.0000000e+00   2.7325391e-01  -4.1274375e+00
   8.0000000e+00   2.5929492e-01  -3.3233125e+00
   2.0000000e+00   2.4926172e-01  -4.9521875e+00
   2.0000000e+00   2.3277148e-01  -3.7389375e+00
   8.0000000e+00   2.3530273e-01  -1.1014375e+00
   2.0000000e+00   3.3430664e-01  -5.2113750e+00
   2.0000000e+00   2.5137305e-01  -4.0179375e+00
   8.0000000e+00   2.8984375e-01  -4.7261875e+00
   2.0000000e+00   3.5638672e-01  -4.4035000e+00
   2.0000000e+00   3.2558398e-01  -5.3535625e+00
   2.0000000e+00   3.3105664e-01  -4.7303750e+00
   8.0000000e+00   2.5291602e-01  -4.2434375e+00
   8.0000000e+00   2.0922266e-01  -2.4875625e+00
   2.0000000e+00   2.2247266e-01  -3.8882500e+00
   8.0000000e+00   1.8249414e-01  -3.0206875e+00
   2.0000000e+00   2.1736328e-01  -4.1575000e+00
   8.0000000e+00   2.4522070e-01  -4.0696250e+00
   2.0000000e+00   2.5207227e-01  -3.5475625e+00
   2.0000000e+00   3.1178906e-01  -5.2914375e+00
   8.0000000e+00   4.7007031e-01  -3.4156875e+00
   2.0000000e+00   4.2903711e-01  -5.4879375e+00
   2.0000000e+00   3.4298242e-01  -4.6171875e+00
   2.0000000e+00   3.1602344e-01  -4.9779375e+00
   2.0000000e+00   2.0891211e-01  -4.0527500e+00
   8.0000000e+00   2.5875391e-01  -3.7351250e+00
   2.0000000e+00   2.3894141e-01  -3.9150000e+00
   8.0000000e+00   2.5331055e-01  -5.2591250e+00
   2.0000000e+00   2.5526562e-01  -5.0723125e+00
   8.0000000e+00   3.3484375e-01  -4.3180625e+00
   2.0000000e+00   2.4241602e-01  -4.2598750e+00
   8.0000000e+00   1.9809375e-01  -3.0690000e+00
   2.0000000e+00   3.2598828e-01  -4.6885625e+00
   8.0000000e+00   2.3054297e-01  -3.0852500e+00
   2.0000000e+00   2.8779688e-01  -4.5116875e+00
   2.0000000e+00   2.0727734e-01  -4.0871875e+00
   8.0000000e+00   2.2968555e-01  -4.1193125e+00
   2.0000000e+00   1.7242188e-01  -3.9593750e+00
   2.0000000e+00   3.4061719e-01  -4.7765625e+00
   8.0000000e+00   3.9870508e-01  -6.2614375e+00
   2.0000000e+00   2.6540234e-01  -4.7862500e+00
   8.0000000e+00   3.3263477e-01  -5.3505000e+00
   2.0000000e+00   3.4503711e-01  -5.2139375e+00
   2.0000000e+00   3.5044531e-01  -4.2160000e+00
   8.0000000e+00   2.5126563e-01  -2.5884375e+00
   2.0000000e+00   2.7610742e-01  -4.1250000e+00
   2.0000000e+00   3.1813086e-01  -3.3056250e+00
   2.0000000e+00   2.9736914e-01  -3.4948125e+00
   2.0000000e+00   3.4364453e-01  -4.4915000e+00
   2.0000000e+00   2.5074023e-01  -3.6167500e+00
   2.0000000e+00   3.3061523e-01  -4.7706250e+00
   2.0000000e+00   3.2033008e-01  -5.8004375e+00
   2.0000000e+00   3.2923242e-01  -4.2795625e+00
   2.0000000e+00   3.0735742e-01  -5.0974375e+00
   2.0000000e+00   3.7532617e-01  -3.6785000e+00
   2.0000000e+00   2.9718555e-01  -5.8158125e+00
   2.0000000e+00   1.8749414e-01  -3.6476875e+00
   8.0000000e+00   2.8254102e-01  -2.7315000e+00
   8.0000000e+00   2.4461719e-01  -3.7598750e+00
   8.0000000e+00   3.0981836e-01  -2.7470000e+00
   2.0000000e+00   3.7076953e-01  -6.1594375e+00
   8.0000000e+00   2.5489844e-01  -3.3866250e+00
   2.0000000e+00   3.6164258e-01  -6.2508750e+00
   8.0000000e+00   2.8346094e-01  -1.1570625e+00
   2.0000000e+00   1.9467773e-01  -4.1794375e+00
   2.0000000e+00   1.7297461e-01  -3.4917500e+00
   8.0000000e+00   2.6345898e-01  -4.1485000e+00
   2.0000000e+00   2.7598633e-01  -4.2910625e+00
   2.0000000e+00   3.2173047e-01  -4.3017500e+00
   8.0000000e+00   2.8462109e-01  -2.8891250e+00
   8.0000000e+00   1.9628320e-01  -2.7903750e+00
   8.0000000e+00   1.6263086e-01  -2.6108125e+00
   8.0000000e+00   1.7793555e-01  -1.9318125e+00
   8.0000000e+00   2.8441602e-01  -4.5918750e+00
   2.0000000e+00   3.0709375e-01  -4.9853750e+00
   2.0000000e+00   3.5232031e-01  -6.1666875e+00
   2.0000000e+00   2.6931836e-01  -4.2143125e+00
   2.0000000e+00   2.6952539e-01  -5.3805000e+00
   2.0000000e+00   3.0012305e-01  -4.5936250e+00
   2.0000000e+00   3.9472266e-01  -4.0703750e+00
   2.0000000e+00   2.5833789e-01  -4.3471250e+00
   2.0000000e+00   2.9372266e-01  -4.1110625e+00
   2.0000000e+00   1.6129102e-01  -2.2840625e+00
   2.0000000e+00   3.5225586e-01  -5.7073125e+00
   8.0000000e+00   2.9831641e-01  -1.8839375e+00
   8.0000000e+00   3.2322461e-01  -4.9383125e+00
   2.0000000e+00   3.4220117e-01  -4.8617500e+00
   8.0000000e+00   2.2491602e-01  -2.3835000e+00
   8.0000000e+00   2.9147852e-01  -2.5971250e+00
   2.0000000e+00   3.0457617e-01  -4.8003750e+00
   8.0000000e+00   1.9753516e-01  -3.4243750e+00
   8.0000000e+00   2.7897461e-01  -2.5580625e+00
   8.0000000e+00   4.3238867e-01  -2.8535625e+00
   2.0000000e+00   2.6139648e-01  -3.9065000e+00
   2.0000000e+00   2.3833789e-01  -3.5234375e+00
   2.0000000e+00   2.5609961e-01  -4.8286875e+00
   2.0000000e+00   4.6158789e-01  -6.3245000e+00
   8.0000000e+00   3.2033984e-01  -3.4545625e+00
   8.0000000e+00   2.7245117e-01  -3.9226250e+00
   8.0000000e+00   1.2591406e-01  -1.9669375e+00
   2.0000000e+00   1.8111133e-01  -3.8718125e+00
   2.0000000e+00   1.0470117e-01  -2.0403125e+00
   8.0000000e+00   2.3814258e-01  -3.4095000e+00
   2.0000000e+00   2.5066016e-01  -5.3246875e+00
   8.0000000e+00   3.9859570e-01  -4.8217500e+00
   2.0000000e+00   3.1887695e-01  -4.1925625e+00
   2.0000000e+00   2.8611328e-01  -4.2628125e+00
   8.0000000e+00   2.4329297e-01  -3.0910000e+00
   2.0000000e+00   2.9109961e-01  -4.8304375e+00
   8.0000000e+00   2.5313672e-01  -2.7315000e+00
   8.0000000e+00   2.7132227e-01  -3.5008750e+00
   8.0000000e+00   3.5445117e-01  -2.0418125e+00
   2.0000000e+00   3.3428320e-01  -5.0833750e+00
   2.0000000e+00   3.7238281e-01  -5.6673125e+00
   2.0000000e+00   3.5248828e-01  -6.0931875e+00
   2.0000000e+00   2.3925195e-01  -3.3940625e+00
   2.0000000e+00   2.9116406e-01  -4.6607500e+00
   8.0000000e+00   3.1777148e-01  -5.3259375e+00
   8.0000000e+00   4.1664844e-01  -5.8334375e+00
   8.0000000e+00   3.7456445e-01  -3.8265000e+00
   8.0000000e+00   2.9933008e-01  -3.1620625e+00
   2.0000000e+00   1.6525000e-01  -3.4219375e+00
   8.0000000e+00   1.7382031e-01  -1.9191875e+00
   8.0000000e+00   1.6448242e-01  -2.1161875e+00
   8.0000000e+00   3.7798242e-01  -5.3607500e+00
   2.0000000e+00   3.4221484e-01  -5.6703125e+00
   2.0000000e+00   3.6295508e-01  -4.2379375e+00
   2.0000000e+00   3.4278125e-01  -6.5608750e+00
   8.0000000e+00   3.5523242e-01  -5.1198125e+00
   8.0000000e+00   2.5197070e-01  -2.6255625e+00
   8.0000000e+00   3.0011328e-01  -3.2607500e+00
   2.0000000e+00   1.8889648e-01  -4.2257500e+00
   8.0000000e+00   2.0565430e-01  -2.8788125e+00
   2.0000000e+00   3.4974219e-01  -5.7724375e+00
   8.0000000e+00   2.9947070e-01  -3.6604375e+00
   8.0000000e+00   2.8832227e-01  -3.2866875e+00
   8.0000000e+00   1.2416602e-01  -2.0903125e+00
   8.0000000e+00   1.1805469e-01  -2.2700000e+00
   8.0000000e+00   1.7107227e-01  -1.8793750e+00
   8.0000000e+00   2.6833398e-01  -4.8129375e+00
   2.0000000e+00   4.5111328e-01  -4.6380000e+00
   8.0000000e+00   1.7469141e-01  -2.1999375e+00
   8.0000000e+00   1.8063281e-01  -1.7966875e+00
   8.0000000e+00   1.5491016e-01  -3.0492500e+00
   2.0000000e+00   2.7340820e-01  -5.0863125e+00
   2.0000000e+00   2.5859961e-01  -4.3467500e+00
   8.0000000e+00   2.3418945e-01  -3.1060625e+00
   2.0000000e+00   3.1899414e-01  -5.4053125e+00
   2.0000000e+00   3.2048242e-01  -5.0265000e+00
   2.0000000e+00   3.4374023e-01  -5.2498125e+00
   2.0000000e+00   3.7499023e-01  -5.3833750e+00
   2.0000000e+00   2.3031055e-01  -5.0878125e+00
   8.0000000e+00   3.4679102e-01  -4.3859375e+00
   2.0000000e+00   3.0944727e-01  -5.5307500e+00
   2.0000000e+00   1.9290820e-01  -3.5531250e+00
   2.0000000e+00   4.6312695e-01  -4.0686250e+00
   2.0000000e+00   4.2146484e-01  -5.1829375e+00
   8.0000000e+00   1.8732031e-01  -3.1871875e+00
   2.0000000e+00   3.2608203e-01  -5.2506875e+00
   2.0000000e+00   3.2270898e-01  -4.6103125e+00
   2.0000000e+00   1.8949023e-01  -2.7203125e+00
   2.0000000e+00   3.3836133e-01  -3.8410000e+00
   2.0000000e+00   1.9093750e-01  -3.7321875e+00
   2.0000000e+00   2.9849609e-01  -4.3298750e+00
   2.0000000e+00   2.3940039e-01  -4.7823125e+00
   2.0000000e+00   2.0805078e-01  -3.4991875e+00
   2.0000000e+00   2.8728125e-01  -5.9145000e+00
   2.0000000e+00   1.8129297e-01  -3.7985625e+00
   2.0000000e+00   1.8807031e-01  -4.1786875e+00
   2.0000000e+00   2.7955469e-01  -5.9626875e+00
   2.0000000e+00   2.3505273e-01  -4.9283750e+00
   8.0000000e+00   2.4810742e-01  -2.2230625e+00
   2.0000000e+00   2.8495703e-01  -4.8091250e+00
   2.0000000e+00   3.1384961e-01  -5.6918750e+00
   2.0000000e+00   2.2788086e-01  -4.5397500e+00
   2.0000000e+00   2.9710352e-01  -5.6455625e+00
   2.0000000e+00   3.4828320e-01  -5.8353125e+00
   2.0000000e+00   3.7054687e-01  -5.4014375e+00
   2.0000000e+00   2.0766602e-01  -4.0169375e+00
   2.0000000e+00   2.9980664e-01  -6.0154375e+00
   2.0000000e+00   2.4275586e-01  -4.3421875e+00
   8.0000000e+00   2.0545117e-01  -3.2506250e+00
   2.0000000e+00   3.3271680e-01  -4.1901250e+00
   2.0000000e+00   2.3866406e-01  -4.9033125e+00
   2.0000000e+00   3.9796680e-01  -6.4343750e+00
   8.0000000e+00   2.0155859e-01  -2.3331875e+00
   8.0000000e+00   3.4156445e-01  -3.5378125e+00
   2.0000000e+00   3.2556250e-01  -6.0957500e+00
   8.0000000e+00   3.7650977e-01  -3.3137500e+00
   2.0000000e+00   2.8389648e-01  -5.6162500e+00
   2.0000000e+00   2.0483398e-01  -3.5325625e+00
   2.0000000e+00   2.7905078e-01  -4.1588125e+00
   2.0000000e+00   3.0452148e-01  -5.4704375e+00
   2.0000000e+00   2.2775977e-01  -4.1603750e+00
   2.0000000e+00   3.5996680e-01  -4.7544375e+00
   2.0000000e+00   3.2683008e-01  -4.0153125e+00
   2.0000000e+00   1.6895703e-01  -2.7516875e+00
   2.0000000e+00   1.8250586e-01  -3.7494375e+00
   8.0000000e+00   3.5983789e-01  -4.1370000e+00
   8.0000000e+00   1.8253516e-01  -3.3883750e+00
   8.0000000e+00   3.1178516e-01  -2.6841875e+00
   8.0000000e+00   2.8626953e-01  -2.6332500e+00
   8.0000000e+00   3.5640820e-01  -4.6351875e+00
   2.0000000e+00   2.7755664e-01  -5.3907500e+00
   2.0000000e+00   2.2600000e-01  -4.1037500e+00
   8.0000000e+00   2.9650781e-01  -3.8868125e+00
   8.0000000e+00   3.1982812e-01  -5.0585000e+00
   8.0000000e+00   3.0227734e-01  -2.2331875e+00
   8.0000000e+00   2.8037109e-01  -1.5987500e+00
   2.0000000e+00   2.0174609e-01  -3.8213750e+00
   8.0000000e+00   2.1647656e-01  -1.9361875e+00
   8.0000000e+00   2.4942188e-01  -1.6803125e+00
   8.0000000e+00   2.5853125e-01  -4.4417500e+00
   2.0000000e+00   3.3484766e-01  -6.7613750e+00
   2.0000000e+00   2.3505469e-01  -3.7932500e+00
   8.0000000e+00   2.1929688e-01  -1.9210625e+00
   2.0000000e+00   4.7209961e-01  -4.1023750e+00
   2.0000000e+00   2.7234180e-01  -3.8523125e+00
   8.0000000e+00   3.4018750e-01  -1.4686875e+00
   8.0000000e+00   3.2116602e-01  -1.6766875e+00
   8.0000000e+00   2.3394336e-01  -2.9040000e+00
   8.0000000e+00   2.6927930e-01  -4.3863125e+00
   8.0000000e+00   2.8656836e-01  -5.2745000e+00
   2.0000000e+00   3.0117187e-01  -4.8214375e+00
   2.0000000e+00   3.9258008e-01  -5.3465000e+00
   2.0000000e+00   2.1582812e-01  -3.5631875e+00
   8.0000000e+00   3.4270508e-01  -2.6396875e+00
   8.0000000e+00   2.2915234e-01  -1.3743750e+00
   8.0000000e+00   3.3480664e-01  -2.5214375e+00
   2.0000000e+00   3.9804688e-01  -4.8373750e+00
   8.0000000e+00   2.7562891e-01  -3.6761875e+00
   2.0000000e+00   2.8095313e-01  -3.7199375e+00
   2.0000000e+00   2.5234375e-01  -3.6478750e+00
   8.0000000e+00   2.8976953e-01  -3.1633750e+00
   8.0000000e+00   3.4318555e-01  -4.0441250e+00
   2.0000000e+00   3.3180273e-01  -4.4251250e+00
   8.0000000e+00   2.6531055e-01  -4.8040000e+00
   8.0000000e+00   2.6812109e-01  -3.9265625e+00
   2.0000000e+00   1.7717383e-01  -3.5808125e+00
   2.0000000e+00   3.3639062e-01  -5.6321250e+00
   2.0000000e+00   2.9933398e-01  -5.3220000e+00
   8.0000000e+00   2.4112500e-01  -3.3590000e+00
   8.0000000e+00   3.5424609e-01  -4.1588125e+00
   8.0000000e+00   1.5827930e-01  -2.4287500e+00
   8.0000000e+00   2.9050000e-01  -5.1194375e+00
   2.0000000e+00   4.6201172e-01  -5.2603750e+00
   2.0000000e+00   3.9512695e-01  -6.2558750e+00
   2.0000000e+00   2.6437500e-01  -3.6287500e+00
   2.0000000e+00   3.1404102e-01  -4.3461250e+00
   2.0000000e+00   2.8978516e-01  -5.5816875e+00
   2.0000000e+00   1.7264844e-01  -2.9095625e+00
   8.0000000e+00   2.0248633e-01  -1.4701250e+00
   2.0000000e+00   2.4851367e-01  -4.4968125e+00
   2.0000000e+00   2.0826953e-01  -2.7671250e+00
   8.0000000e+00   2.1135742e-01  -2.4890000e+00
   8.0000000e+00   3.1603125e-01  -3.7768750e+00
   8.0000000e+00   2.3958398e-01  -2.7159375e+00
   8.0000000e+00   3.4157617e-01  -4.2260625e+00
   2.0000000e+00   2.8607422e-01  -5.5879375e+00
   2.0000000e+00   1.9273242e-01  -3.7760000e+00
   2.0000000e+00   2.8648438e-01  -5.3120000e+00
   2.0000000e+00   4.4980664e-01  -3.9481875e+00
   8.0000000e+00   3.6369141e-01  -2.1930625e+00
   2.0000000e+00   2.2086914e-01  -3.7381875e+00
   8.0000000e+00   3.2398242e-01  -3.5039375e+00
   8.0000000e+00   2.0150586e-01  -2.2238750e+00
   2.0000000e+00   3.3143359e-01  -5.4431875e+00
   2.0000000e+00   3.2681055e-01  -5.6421875e+00
   2.0000000e+00   2.5287305e-01  -4.3624375e+00
   2.0000000e+00   3.0970703e-01  -5.2878125e+00
   2.0000000e+00   2.2991602e-01  -5.1326875e+00
   8.0000000e+00   2.1023242e-01  -3.0811250e+00
   2.0000000e+00   2.5782422e-01  -4.0645625e+00
   2.0000000e+00   1.2288477e-01  -2.7573750e+00
   2.0000000e+00   1.9742187e-01  -4.0478750e+00
   2.0000000e+00   3.6240820e-01  -4.4905625e+00
   2.0000000e+00   3.9014258e-01  -6.1218750e+00
   2.0000000e+00   2.8554492e-01  -5.4117500e+00
   2.0000000e+00   2.6200195e-01  -4.2871875e+00
   2.0000000e+00   1.7265039e-01  -3.0257500e+00
   2.0000000e+00   4.0245898e-01  -4.9370625e+00
   2.0000000e+00   1.7937695e-01  -2.9998750e+00
   2.0000000e+00   2.9432422e-01  -5.3350625e+00
   2.0000000e+00   2.1678516e-01  -3.9260625e+00
   2.0000000e+00   1.9486914e-01  -3.2633750e+00
   2.0000000e+00   2.2852930e-01  -4.7909375e+00
   2.0000000e+00   2.5946094e-01  -4.9086875e+00
   2.0000000e+00   3.2372266e-01  -4.3731875e+00
   2.0000000e+00   3.6457422e-01  -5.4838750e+00
   2.0000000e+00   2.9497266e-01  -5.5056250e+00
   8.0000000e+00   3.8706445e-01  -4.7500625e+00
   8.0000000e+00   2.5750977e-01  -2.2086875e+00
   8.0000000e+00   3.1809570e-01  -4.3368125e+00
   8.0000000e+00   3.1791016e-01  -3.7708125e+00
   8.0000000e+00   4.8707422e-01  -3.4522500e+00
   8.0000000e+00   3.0850000e-01  -4.1618750e+00
   2.0000000e+00   3.4331250e-01  -5.6387500e+00
   2.0000000e+00   3.1481055e-01  -3.7885625e+00
   8.0000000e+00   2.6771875e-01  -2.9728750e+00
   2.0000000e+00   3.0962500e-01  -4.9527500e+00
   8.0000000e+00   2.2813086e-01  -2.6778750e+00
   2.0000000e+00   2.7708008e-01  -6.1152500e+00
   8.0000000e+00   4.0599219e-01  -2.6856250e+00
   8.0000000e+00   2.7122852e-01  -3.7273125e+00
   8.0000000e+00   2.0182617e-01  -3.1981250e+00
   8.0000000e+00   2.4357227e-01  -2.9170625e+00
   8.0000000e+00   4.2968359e-01  -4.4156250e+00
   8.0000000e+00   2.7746094e-01  -4.6858125e+00
   8.0000000e+00   1.6998047e-01  -2.7985625e+00
   2.0000000e+00   2.4723047e-01  -4.4385000e+00
   8.0000000e+00   1.1469336e-01  -1.1860625e+00
   2.0000000e+00   9.8121094e-02  -1.9776250e+00
   8.0000000e+00   3.4663867e-01  -2.4332500e+00
   8.0000000e+00   3.0842383e-01  -5.3401875e+00
   2.0000000e+00   3.3994922e-01  -5.9041250e+00
   2.0000000e+00   3.5743555e-01  -5.2845000e+00
   2.0000000e+00   3.0871875e-01  -4.3361875e+00
   8.0000000e+00   3.0995703e-01  -2.9992500e+00
   8.0000000e+00   3.6791797e-01  -1.7798125e+00
   8.0000000e+00   3.8985742e-01  -2.2789375e+00
   2.0000000e+00   3.0313867e-01  -3.5388125e+00
   2.0000000e+00   3.3349023e-01  -5.8722500e+00
   8.0000000e+00   3.2626953e-01  -3.5511875e+00
   2.0000000e+00   3.6463672e-01  -5.2138125e+00
   8.0000000e+00   2.9865430e-01  -4.9751250e+00
   8.0000000e+00   1.9334570e-01  -2.4781250e+00
   8.0000000e+00   1.9559961e-01  -2.8805625e+00
   8.0000000e+00   2.2288086e-01  -8.7912500e-01
   2.0000000e+00   2.9096289e-01  -5.5216875e+00
   8.0000000e+00   2.2076758e-01  -3.5092500e+00
   8.0000000e+00   4.4749609e-01  -3.6575625e+00
   8.0000000e+00   1.8795117e-01  -2.6435000e+00
   8.0000000e+00   2.1619336e-01  -3.8670625e+00
   2.0000000e+00   2.1616992e-01  -4.3509375e+00
   2.0000000e+00   2.5119336e-01  -5.2188125e+00
   8.0000000e+00   1.6503906e-01  -2.1281875e+00
   8.0000000e+00   2.7644531e-01  -2.7381250e+00
   8.0000000e+00   2.1367188e-01  -3.5629375e+00
   8.0000000e+00   2.2887305e-01  -3.4574375e+00
   8.0000000e+00   2.3996094e-01  -4.4979375e+00
   8.0000000e+00   3.4984961e-01  -4.3910000e+00
   8.0000000e+00   2.9217773e-01  -3.0855625e+00
   8.0000000e+00   4.5689844e-01  -4.4346250e+00
   8.0000000e+00   4.3435742e-01  -3.4658125e+00
   8.0000000e+00   1.8168164e-01  -1.8668750e+00
   8.0000000e+00   1.9796680e-01  -3.1163750e+00
   8.0000000e+00   2.0913672e-01  -3.9043125e+00
   8.0000000e+00   2.0894531e-01  -4.4818750e+00
   2.0000000e+00   3.0472266e-01  -6.0991875e+00
   2.0000000e+00   2.4595313e-01  -5.1708750e+00
   2.0000000e+00   3.4316602e-01  -5.2844375e+00
   2.0000000e+00   1.2046484e-01  -2.7726250e+00
   2.0000000e+00   3.7414063e-01  -4.1466250e+00
   2.0000000e+00   2.3227930e-01  -4.3825625e+00
   2.0000000e+00   3.2144727e-01  -5.7114375e+00
   2.0000000e+00   2.9976758e-01  -5.8829375e+00
   8.0000000e+00   2.2959961e-01  -2.5274375e+00
   8.0000000e+00   2.4679883e-01  -3.1264375e+00
   8.0000000e+00   2.7471484e-01  -2.5206875e+00
   2.0000000e+00   2.5285937e-01  -4.1435625e+00
   2.0000000e+00   2.5238281e-01  -3.4760625e+00
   8.0000000e+00   3.2786133e-01  -4.4340000e+00
   2.0000000e+00   3.2075781e-01  -5.0607500e+00
   8.0000000e+00   3.0963086e-01  -2.8083125e+00
   8.0000000e+00   3.8985547e-01  -3.7996250e+00
   8.0000000e+00   2.1798437e-01  -2.2827500e+00
   8.0000000e+00   2.6881055e-01  -3.0364375e+00
   8.0000000e+00   2.0781641e-01  -1.7342500e+00
   8.0000000e+00   3.2364258e-01  -9.2668750e-01
   2.0000000e+00   3.5883984e-01  -5.7729375e+00
   8.0000000e+00   1.8230469e-01  -3.5168750e+00
   8.0000000e+00   2.0025195e-01  -2.9147500e+00
   8.0000000e+00   1.9434375e-01  -2.1067500e+00
   8.0000000e+00   1.7934961e-01  -4.0168125e+00
   8.0000000e+00   2.3202734e-01  -1.8263125e+00
   2.0000000e+00   1.7863086e-01  -3.4599375e+00
   8.0000000e+00   2.9225195e-01  -2.5232500e+00
   8.0000000e+00   1.9449023e-01  -2.5605000e+00
   8.0000000e+00   2.2368359e-01  -2.0121250e+00
   8.0000000e+00   2.0332227e-01  -4.2685625e+00
   8.0000000e+00   2.2722266e-01  -2.2946875e+00
   2.0000000e+00   1.9761133e-01  -2.0180625e+00
   2.0000000e+00   1.5392578e-01  -3.3181875e+00
   8.0000000e+00   2.6252344e-01  -3.7436250e+00
   2.0000000e+00   2.1429492e-01  -4.0885625e+00
   8.0000000e+00   1.7598047e-01  -3.4860625e+00
   8.0000000e+00   2.9560156e-01  -2.8812500e+00
   8.0000000e+00   3.3454297e-01  -4.7880625e+00
   2.0000000e+00   1.5913672e-01  -2.5727500e+00
   2.0000000e+00   3.3027148e-01  -4.9568750e+00
   2.0000000e+00   2.7220117e-01  -3.6044375e+00
   8.0000000e+00   3.3392969e-01  -4.0231875e+00
   8.0000000e+00   3.0508789e-01  -5.8201875e+00
   8.0000000e+00   2.6403125e-01  -4.8041250e+00
   8.0000000e+00   1.9893359e-01  -3.0593125e+00
   2.0000000e+00   3.3854492e-01  -5.5266250e+00
   2.0000000e+00   2.5274414e-01  -3.2659375e+00
   2.0000000e+00   3.6293945e-01  -4.7227500e+00
   2.0000000e+00   3.8269336e-01  -5.2319375e+00
   2.0000000e+00   9.6986328e-02  -2.1764375e+00
   2.0000000e+00   3.8685742e-01  -5.7212500e+00
   2.0000000e+00   3.6966211e-01  -4.9072500e+00
   2.0000000e+00   3.6369922e-01  -5.3662500e+00
   2.0000000e+00   3.6968945e-01  -4.4983125e+00
   2.0000000e+00   2.0227539e-01  -2.6524375e+00
   2.0000000e+00   3.2687305e-01  -5.4759375e+00
   2.0000000e+00   2.0184766e-01  -3.3630625e+00
   2.0000000e+00   3.2619922e-01  -5.0000625e+00
   2.0000000e+00   3.1619727e-01  -6.3761875e+00
   8.0000000e+00   2.5470508e-01  -9.2287500e-01
   2.0000000e+00   3.1189453e-01  -5.0016250e+00
   8.0000000e+00   4.2402148e-01  -4.7025625e+00
   8.0000000e+00   3.8944922e-01  -2.8925625e+00
   2.0000000e+00   3.2946484e-01  -5.1068125e+00
   8.0000000e+00   2.6929297e-01  -2.8614375e+00
   8.0000000e+00   2.7592773e-01  -3.5386875e+00
   2.0000000e+00   3.0473828e-01  -5.8505000e+00
   8.0000000e+00   2.6537109e-01  -3.0890625e+00
   2.0000000e+00   2.8028516e-01  -4.8588750e+00
   2.0000000e+00   2.9222070e-01  -5.4327500e+00
   8.0000000e+00   3.8280273e-01  -4.3651250e+00
   2.0000000e+00   2.3249414e-01  -3.9426875e+00
   2.0000000e+00   2.6087305e-01  -4.1783125e+00
   2.0000000e+00   3.4523242e-01  -6.0618750e+00
   2.0000000e+00   3.3458398e-01  -5.7681250e+00
   8.0000000e+00   2.3808984e-01  -4.3137500e+00
   8.0000000e+00   2.2843164e-01  -2.9856875e+00
   2.0000000e+00   3.8610742e-01  -6.1371875e+00
   2.0000000e+00   2.4331641e-01  -4.9111875e+00
   2.0000000e+00   2.2683203e-01  -4.1194375e+00
   2.0000000e+00   3.5151367e-01  -5.6770625e+00
   2.0000000e+00   2.0374609e-01  -3.9115625e+00
   2.0000000e+00   3.4056836e-01  -6.3991250e+00
   2.0000000e+00   1.4449023e-01  -3.1703750e+00
   2.0000000e+00   3.2004297e-01  -4.8647500e+00
   2.0000000e+00   3.7266602e-01  -5.2381875e+00
   2.0000000e+00   2.5951563e-01  -3.7545625e+00
   2.0000000e+00   2.5950391e-01  -5.1043750e+00
   2.0000000e+00   2.9525000e-01  -4.5777500e+00
   2.0000000e+00   1.8617969e-01  -3.2291875e+00
   8.0000000e+00   3.3358984e-01  -2.0735000e+00
   8.0000000e+00   4.7258203e-01  -5.1478125e+00
   8.0000000e+00   2.7886328e-01  -2.8150625e+00
   8.0000000e+00   3.3678711e-01  -3.9640625e+00
   8.0000000e+00   2.4440234e-01  -2.9349375e+00
   2.0000000e+00   1.7439063e-01  -3.1875000e+00
   2.0000000e+00   1.9478711e-01  -3.9204375e+00
   2.0000000e+00   3.8851953e-01  -5.6038125e+00
   8.0000000e+00   2.9697656e-01  -3.7760625e+00
   2.0000000e+00   4.1884180e-01  -5.4668750e+00
   2.0000000e+00   4.1641016e-01  -4.6790000e+00
   2.0000000e+00   2.0263086e-01  -3.3048750e+00
   8.0000000e+00   2.5325586e-01  -2.3412500e+00
   8.0000000e+00   2.3811523e-01  -3.2500000e+00
   2.0000000e+00   3.0674414e-01  -6.0086875e+00
   8.0000000e+00   2.5968164e-01  -4.7010000e+00
   8.0000000e+00   2.5855664e-01  -4.6235625e+00
   2.0000000e+00   3.8054102e-01  -4.1963750e+00
   8.0000000e+00   1.9732812e-01  -3.4299375e+00
   8.0000000e+00   3.9165625e-01  -3.2018750e+00
   8.0000000e+00   2.3148828e-01  -3.6038750e+00
   2.0000000e+00   3.2592969e-01  -5.5552500e+00
   2.0000000e+00   4.1155273e-01  -6.8126875e+00
   2.0000000e+00   2.4235156e-01  -4.3270625e+00
   2.0000000e+00   3.2580078e-01  -5.3420000e+00
   2.0000000e+00   3.5743750e-01  -5.5591250e+00
   8.0000000e+00   3.8961328e-01  -2.5674375e+00
   8.0000000e+00   5.3747656e-01  -5.9125000e+00
   8.0000000e+00   4.9851172e-01  -4.0123750e+00
   8.0000000e+00   3.4680664e-01  -2.6586875e+00
   8.0000000e+00   3.2651172e-01  -2.0890000e+00
   2.0000000e+00   3.1873438e-01  -5.0453750e+00
   2.0000000e+00   2.2789648e-01  -4.3977500e+00
   8.0000000e+00   2.3910742e-01  -3.8843750e+00
   8.0000000e+00   2.2402539e-01  -2.5603750e+00
   8.0000000e+00   1.9187109e-01  -2.8835625e+00
   8.0000000e+00   2.5475977e-01  -3.0795000e+00
   2.0000000e+00   2.3656055e-01  -4.7846875e+00
   2.0000000e+00   3.0200000e-01  -6.1712500e+00
   8.0000000e+00   3.4861719e-01  -3.6276250e+00
   8.0000000e+00   2.6051563e-01  -3.0916875e+00
   2.0000000e+00   3.5835547e-01  -6.3311875e+00
   8.0000000e+00   2.6091406e-01  -2.9941250e+00
   8.0000000e+00   1.8579297e-01  -1.5356250e+00
   8.0000000e+00   2.7365625e-01  -5.3413125e+00
   8.0000000e+00   4.1634180e-01  -3.1138750e+00
   8.0000000e+00   2.5458203e-01  -3.8853750e+00
   8.0000000e+00   1.7887109e-01  -3.1995625e+00
   8.0000000e+00   1.6845703e-01  -3.3035000e+00
   8.0000000e+00   1.9593750e-01  -2.1162500e+00
   8.0000000e+00   2.3158594e-01  -3.2494375e+00
   2.0000000e+00   2.6091406e-01  -5.3068750e+00
   8.0000000e+00   1.1993555e-01  -1.7631250e+00
   2.0000000e+00   1.7083203e-01  -4.0699375e+00
   8.0000000e+00   1.9563672e-01  -3.3080000e+00
   2.0000000e+00   1.8941211e-01  -4.6153750e+00
   8.0000000e+00   3.4460352e-01  -4.3106250e+00
   2.0000000e+00   2.4383789e-01  -4.4216250e+00
   8.0000000e+00   2.7666992e-01  -2.8687500e+00
   8.0000000e+00   1.8776562e-01  -4.5545625e+00
   2.0000000e+00   3.0045117e-01  -5.4350000e+00
   8.0000000e+00   2.2798828e-01  -2.3349375e+00
   2.0000000e+00   1.3873633e-01  -2.1679375e+00
   2.0000000e+00   2.4426367e-01  -5.4660000e+00
   2.0000000e+00   9.9441406e-02  -2.0795000e+00
   8.0000000e+00   2.2554688e-01  -3.4891875e+00
   2.0000000e+00   1.8944727e-01  -4.2710000e+00
   8.0000000e+00   2.0121484e-01  -2.5992500e+00
   8.0000000e+00   2.0608203e-01  -3.4581250e+00
   2.0000000e+00   2.0151562e-01  -4.4010000e+00
   8.0000000e+00   2.0105078e-01  -2.6285625e+00
   2.0000000e+00   3.2290820e-01  -6.2829375e+00
   8.0000000e+00   3.0475000e-01  -3.7823750e+00
   8.0000000e+00   3.0993359e-01  -4.1353125e+00
   8.0000000e+00   2.6016406e-01  -4.3838125e+00
   8.0000000e+00   2.1371680e-01  -3.3163125e+00
   8.0000000e+00   4.0740820e-01  -3.9875000e+00
   8.0000000e+00   2.5452539e-01  -1.4123750e+00
   2.0000000e+00   2.3021875e-01  -4.9597500e+00
   8.0000000e+00   2.7808203e-01  -3.8909375e+00
   2.0000000e+00   2.4755859e-01  -4.6728750e+00
   8.0000000e+00   2.4561719e-01  -2.2079375e+00
   8.0000000e+00   2.8167578e-01  -4.3041250e+00
   2.0000000e+00   3.1121484e-01  -5.3504375e+00
   8.0000000e+00   2.7562695e-01  -4.3403750e+00
   2.0000000e+00   2.7235742e-01  -4.1454375e+00
   8.0000000e+00   2.4125000e-01  -3.3565000e+00
   8.0000000e+00   2.3192383e-01  -3.2257500e+00
   8.0000000e+00   2.8276953e-01  -4.7361875e+00
   2.0000000e+00   3.1517969e-01  -4.6723750e+00
   8.0000000e+00   3.4100781e-01  -3.5708125e+00
   2.0000000e+00   3.5369141e-01  -5.0035000e+00
   2.0000000e+00   3.4079687e-01  -4.7308125e+00
   8.0000000e+00   2.3352539e-01  -3.9751250e+00
   2.0000000e+00   2.8069141e-01  -5.3175625e+00
   8.0000000e+00   3.4244141e-01  -3.0976875e+00
   2.0000000e+00   3.3494336e-01  -6.0705625e+00
   2.0000000e+00   1.7751758e-01  -3.8049375e+00
   8.0000000e+00   1.3290039e-01  -2.3090625e+00
   2.0000000e+00   4.8474609e-01  -6.6741250e+00
   8.0000000e+00   3.6560547e-01  -4.0115625e+00
   2.0000000e+00   3.1896094e-01  -5.0758125e+00
   2.0000000e+00   4.2489258e-01  -5.3670000e+00
   2.0000000e+00   2.8961328e-01  -5.0679375e+00
   2.0000000e+00   2.0986914e-01  -3.2826250e+00
   2.0000000e+00   2.9611914e-01  -4.7405000e+00
   2.0000000e+00   2.2431836e-01  -4.4473125e+00
   8.0000000e+00   2.5330078e-01  -2.6201250e+00
   2.0000000e+00   2.3323438e-01  -4.7850000e+00
   2.0000000e+00   2.8777148e-01  -3.8546875e+00
   2.0000000e+00   2.2549609e-01  -5.0971250e+00
   2.0000000e+00   2.3999023e-01  -4.5229375e+00
   2.0000000e+00   3.3577344e-01  -4.9798125e+00
   2.0000000e+00   3.6389453e-01  -4.4950625e+00
   2.0000000e+00   2.9553906e-01  -3.6444375e+00
   2.0000000e+00   2.5910937e-01  -4.9125000e+00
   8.0000000e+00   2.1359375e-01  -2.7711250e+00
   8.0000000e+00   3.2594336e-01  -3.5015000e+00
   8.0000000e+00   3.3538281e-01  -3.2718750e+00
   8.0000000e+00   2.7471094e-01  -5.6198750e+00
   8.0000000e+00   2.4695898e-01  -2.8726875e+00
   2.0000000e+00   1.9036914e-01  -4.2098750e+00
   8.0000000e+00   2.5708008e-01  -4.5880000e+00
   8.0000000e+00   1.7051563e-01  -3.0683125e+00
   2.0000000e+00   1.6502344e-01  -2.9746875e+00
   2.0000000e+00   2.7081641e-01  -5.5245000e+00
   8.0000000e+00   1.9397852e-01  -3.8483750e+00
   2.0000000e+00   2.8028516e-01  -4.5470000e+00
   8.0000000e+00   1.9169922e-01  -3.3955000e+00
   2.0000000e+00   1.5526172e-01  -3.1831875e+00
   2.0000000e+00   2.2856250e-01  -4.7426250e+00
   2.0000000e+00   3.1305664e-01  -5.7598125e+00
   8.0000000e+00   2.7269141e-01  -2.4061875e+00
   2.0000000e+00   2.7074414e-01  -3.8452500e+00
   2.0000000e+00   1.8848047e-01  -3.5241875e+00
   2.0000000e+00   2.3993359e-01  -3.5594375e+00
   8.0000000e+00   2.4682813e-01  -3.0208750e+00
   2.0000000e+00   3.2173438e-01  -3.9305000e+00
   2.0000000e+00   2.4639844e-01  -4.5955625e+00
   2.0000000e+00   2.3110156e-01  -3.3612500e+00
   8.0000000e+00   2.1110352e-01  -3.1179375e+00
   2.0000000e+00   2.3009766e-01  -4.3459375e+00
   8.0000000e+00   3.1226367e-01  -3.6335625e+00
   2.0000000e+00   3.6611328e-01  -5.1491875e+00
   8.0000000e+00   3.2181250e-01  -4.0596875e+00
   8.0000000e+00   3.4258594e-01  -4.0031875e+00
   2.0000000e+00   3.8274023e-01  -5.8273750e+00
   2.0000000e+00   1.7215039e-01  -3.6377500e+00
   8.0000000e+00   3.3606250e-01  -5.0768125e+00
   2.0000000e+00   2.7383008e-01  -5.4107500e+00
   8.0000000e+00   1.8131836e-01  -2.6103125e+00
   2.0000000e+00   3.3000000e-01  -5.3965625e+00
   8.0000000e+00   1.6165234e-01  -2.7276250e+00
   2.0000000e+00   3.4353320e-01  -5.4168125e+00
   2.0000000e+00   2.5443750e-01  -4.0948750e+00
   8.0000000e+00   2.0478320e-01  -4.6410625e+00
   8.0000000e+00   2.0130273e-01  -2.4938125e+00
   8.0000000e+00   2.5287500e-01  -4.8208750e+00
   2.0000000e+00   2.4917187e-01  -4.7546875e+00
   2.0000000e+00   2.2132813e-01  -4.7376250e+00
   2.0000000e+00   3.8236328e-01  -5.1270625e+00
   8.0000000e+00   2.8405273e-01  -2.7609375e+00
   8.0000000e+00   2.0524805e-01  -3.2940625e+00
   2.0000000e+00   1.5141602e-01  -3.1495000e+00
   2.0000000e+00   3.5045508e-01  -5.5129375e+00
   8.0000000e+00   2.3007227e-01  -3.1764375e+00
   2.0000000e+00   1.1356445e-01  -1.7078750e+00
   8.0000000e+00   2.2306445e-01  -2.1304375e+00
   8.0000000e+00   2.6711914e-01  -3.2993125e+00
   2.0000000e+00   2.8158594e-01  -4.8255000e+00
   2.0000000e+00   2.8799609e-01  -4.1228125e+00
   8.0000000e+00   2.4388867e-01  -4.0931875e+00
   2.0000000e+00   3.8253711e-01  -4.6403750e+00
   2.0000000e+00   1.5877148e-01  -2.7178125e+00
   2.0000000e+00   1.8411523e-01  -3.1863125e+00
   2.0000000e+00   1.3429297e-01  -3.1672500e+00
   2.0000000e+00   2.5813672e-01  -5.1858125e+00
   8.0000000e+00   2.8783594e-01  -4.0601875e+00
   2.0000000e+00   3.6211133e-01  -5.3803750e+00
   2.0000000e+00   1.9598633e-01  -3.6105625e+00
   2.0000000e+00   2.8885156e-01  -5.4666250e+00
   2.0000000e+00   2.2812891e-01  -3.6428125e+00
   2.0000000e+00   3.1932422e-01  -5.7755000e+00
   2.0000000e+00   3.5314844e-01  -5.3280625e+00
   2.0000000e+00   3.5810352e-01  -5.0428125e+00
   2.0000000e+00   3.4525391e-01  -5.8870625e+00
   8.0000000e+00   1.5414062e-01  -2.2021875e+00
   2.0000000e+00   3.1505469e-01  -4.7126875e+00
   8.0000000e+00   2.2633984e-01  -2.7122500e+00
   8.0000000e+00   2.4400781e-01  -3.8566250e+00
   2.0000000e+00   3.1575195e-01  -5.0146250e+00
   2.0000000e+00   2.5590625e-01  -4.9785625e+00
   2.0000000e+00   1.6066602e-01  -3.2477500e+00
   2.0000000e+00   2.6879688e-01  -3.7056875e+00
   2.0000000e+00   2.3321484e-01  -5.1535625e+00
   2.0000000e+00   2.4242187e-01  -4.7375625e+00
   8.0000000e+00   2.3644727e-01  -3.2451875e+00
   2.0000000e+00   1.5169531e-01  -2.5366250e+00
   8.0000000e+00   2.9218359e-01  -3.6641875e+00
   2.0000000e+00   3.2768555e-01  -5.0791875e+00
   8.0000000e+00   2.8443359e-01  -2.0958125e+00
   8.0000000e+00   2.3073047e-01  -1.6185625e+00
   2.0000000e+00   1.9032617e-01  -3.7165000e+00
   2.0000000e+00   3.3830469e-01  -5.4771875e+00
   8.0000000e+00   3.6822461e-01  -3.2076250e+00
   8.0000000e+00   2.2928320e-01  -3.7933750e+00
   2.0000000e+00   2.3816016e-01  -3.1613750e+00
   2.0000000e+00   2.4396680e-01  -3.3909375e+00
   2.0000000e+00   2.5033008e-01  -4.5787500e+00
   2.0000000e+00   2.5346875e-01  -4.8111250e+00
   8.0000000e+00   2.3611133e-01  -4.1313750e+00
   2.0000000e+00   2.8091016e-01  -5.2229375e+00
   8.0000000e+00   4.3701758e-01  -4.4883750e+00
   2.0000000e+00   3.7686719e-01  -6.1020625e+00
   2.0000000e+00   3.7833398e-01  -4.7169375e+00
   2.0000000e+00   4.0001758e-01  -6.0058750e+00
   8.0000000e+00   3.8616211e-01  -3.2146250e+00
   8.0000000e+00   3.1565234e-01  -4.6780625e+00
   2.0000000e+00   3.2817578e-01  -4.9977500e+00
   2.0000000e+00   2.4972461e-01  -4.8406250e+00
   8.0000000e+00   1.9752148e-01  -2.3913125e+00
   2.0000000e+00   1.9108789e-01  -4.1333750e+00
   2.0000000e+00   2.5584961e-01  -3.3073125e+00
   2.0000000e+00   2.1626758e-01  -3.0046875e+00
   2.0000000e+00   2.4691016e-01  -4.2561875e+00
   8.0000000e+00   2.2680664e-01  -3.8293125e+00
   8.0000000e+00   1.7201758e-01  -2.7008750e+00
   2.0000000e+00   2.7854297e-01  -5.9966875e+00
   2.0000000e+00   2.1939258e-01  -4.7096875e+00
   2.0000000e+00   2.9558789e-01  -5.2064375e+00
   8.0000000e+00   3.0742383e-01  -3.2688750e+00
   2.0000000e+00   3.6405469e-01  -5.5066250e+00
   2.0000000e+00   3.2339258e-01  -4.3126250e+00
   8.0000000e+00   2.7598047e-01  -3.7080000e+00
   8.0000000e+00   2.9252734e-01  -2.5770000e+00
   8.0000000e+00   2.7103711e-01  -3.3648125e+00
   8.0000000e+00   3.2322656e-01  -3.5009375e+00
   2.0000000e+00   1.8537695e-01  -3.6905000e+00
   8.0000000e+00   2.2158984e-01  -3.2122500e+00
   2.0000000e+00   2.4902539e-01  -4.4651875e+00
   8.0000000e+00   2.3028906e-01  -4.8262500e+00
   8.0000000e+00   1.7536328e-01  -3.5232500e+00
   8.0000000e+00   2.4296484e-01  -4.9265625e+00
   8.0000000e+00   2.0635547e-01  -3.3137500e+00
   2.0000000e+00   3.1235938e-01  -3.7286250e+00
   2.0000000e+00   3.1249219e-01  -4.5206875e+00
   2.0000000e+00   2.8220898e-01  -5.4110000e+00
   8.0000000e+00   2.0316992e-01  -3.5863125e+00
   2.0000000e+00   3.4674219e-01  -6.1005625e+00
   8.0000000e+00   3.4807617e-01  -3.3745000e+00
   8.0000000e+00   2.3117383e-01  -1.6263125e+00
   2.0000000e+00   2.5249414e-01  -4.8134375e+00
   2.0000000e+00   1.5475781e-01  -3.4541250e+00
   8.0000000e+00   1.7340039e-01  -2.8970625e+00
   8.0000000e+00   1.8243750e-01  -2.2533750e+00
   2.0000000e+00   3.0721289e-01  -5.2658750e+00
   8.0000000e+00   2.2170898e-01  -2.9941250e+00
   2.0000000e+00   2.2701367e-01  -3.6714375e+00
   2.0000000e+00   2.4531250e-01  -4.7945625e+00
   8.0000000e+00   2.0593750e-01  -3.4367500e+00
   2.0000000e+00   2.6214648e-01  -5.4898750e+00
   8.0000000e+00   1.8333789e-01  -2.9721250e+00
   2.0000000e+00   1.3599414e-01  -3.2916875e+00
   2.0000000e+00   1.3015625e-01  -2.3803125e+00
   8.0000000e+00   3.2995703e-01  -5.0885625e+00
   2.0000000e+00   2.2891992e-01  -4.0870000e+00
   8.0000000e+00   3.4518164e-01  -3.0896250e+00
   2.0000000e+00   2.2679297e-01  -4.1190625e+00
   8.0000000e+00   2.1728125e-01  -3.6040625e+00
   2.0000000e+00   8.8638672e-02  -1.6873125e+00
   2.0000000e+00   1.8546484e-01  -3.7265625e+00
   8.0000000e+00   2.4790234e-01  -2.0054375e+00
   2.0000000e+00   2.7930469e-01  -4.7763750e+00
   8.0000000e+00   2.4279883e-01  -4.3206875e+00
   2.0000000e+00   2.1380859e-01  -4.4518750e+00
   2.0000000e+00   2.0828516e-01  -3.7783750e+00
   8.0000000e+00   1.6273437e-01  -3.3620000e+00
   8.0000000e+00   1.4829883e-01  -3.1272500e+00
   2.0000000e+00   2.3928711e-01  -4.3355625e+00
   2.0000000e+00   2.6014062e-01  -5.9321875e+00
   8.0000000e+00   2.8289062e-01  -4.6854375e+00
   2.0000000e+00   1.3742773e-01  -2.7043750e+00
   8.0000000e+00   2.9769922e-01  -3.3219375e+00
   8.0000000e+00   2.6974414e-01  -2.4686875e+00
   2.0000000e+00   2.4703516e-01  -4.5748125e+00
   8.0000000e+00   4.1063281e-01  -3.0335000e+00
   2.0000000e+00   2.1986328e-01  -4.9395000e+00
   2.0000000e+00   3.0321094e-01  -5.1368125e+00
   2.0000000e+00   2.5118164e-01  -5.1582500e+00
   2.0000000e+00   2.9588281e-01  -5.0153125e+00
   2.0000000e+00   2.5108789e-01  -5.1398125e+00
   2.0000000e+00   3.1528320e-01  -4.8872500e+00
   2.0000000e+00   1.8689844e-01  -4.1892500e+00
   8.0000000e+00   2.7291406e-01  -4.5487500e+00
   8.0000000e+00   3.3769336e-01  -4.9349375e+00
   2.0000000e+00   1.2231250e-01  -2.6868750e+00
   2.0000000e+00   3.6935156e-01  -4.7301875e+00
   2.0000000e+00   2.3406836e-01  -3.3168750e+00
   8.0000000e+00   3.7672852e-01  -2.8392500e+00
   2.0000000e+00   4.0715039e-01  -4.4429375e+00
   2.0000000e+00   3.6196094e-01  -4.7960000e+00
   8.0000000e+00   2.7688086e-01  -3.0052500e+00
   2.0000000e+00   2.4729492e-01  -4.1867500e+00
   2.0000000e+00   2.6040039e-01  -4.4934375e+00
   8.0000000e+00   3.4779297e-01  -3.0171875e+00
   2.0000000e+00   2.5937695e-01  -3.4583125e+00
   2.0000000e+00   2.1744336e-01  -4.2098750e+00
   8.0000000e+00   2.3342188e-01  -3.4863125e+00
   2.0000000e+00   2.6240039e-01  -4.5095625e+00
   8.0000000e+00   2.8263867e-01  -4.5860625e+00
   8.0000000e+00   3.2178320e-01  -2.4196250e+00
   2.0000000e+00   3.3195117e-01  -4.2901250e+00
   2.0000000e+00   3.4316211e-01  -5.1137500e+00
   2.0000000e+00   3.0218750e-01  -4.1948125e+00
   2.0000000e+00   2.8017773e-01  -4.6630625e+00
   8.0000000e+00   3.9533594e-01  -6.7176875e+00
   8.0000000e+00   2.8213672e-01  -5.9331875e+00
   2.0000000e+00   1.9176953e-01  -3.3003750e+00
   8.0000000e+00   3.2939453e-01  -4.4934375e+00
   2.0000000e+00   1.8700586e-01  -3.9688750e+00
   2.0000000e+00   3.3394141e-01  -5.1305000e+00
   8.0000000e+00   3.2936133e-01  -2.6848125e+00
   2.0000000e+00   2.0199219e-01  -4.3338125e+00
   2.0000000e+00   3.5603320e-01  -4.8226875e+00
   8.0000000e+00   3.2199414e-01  -3.3899375e+00
   2.0000000e+00   2.6353125e-01  -5.2593125e+00
   2.0000000e+00   2.5404492e-01  -4.9859375e+00
   2.0000000e+00   3.0193750e-01  -5.1958750e+00
   2.0000000e+00   2.2598828e-01  -4.0158125e+00
   2.0000000e+00   1.9266211e-01  -3.5565625e+00
   2.0000000e+00   3.5314648e-01  -5.0981250e+00
   8.0000000e+00   2.1166602e-01  -4.4863125e+00
   2.0000000e+00   2.9303711e-01  -5.9831875e+00
   8.0000000e+00   2.8295508e-01  -9.1593750e-01
   8.0000000e+00   2.8249219e-01  -5.3820000e+00
   2.0000000e+00   3.0941602e-01  -4.4691250e+00
   2.0000000e+00   3.5025195e-01  -5.4346875e+00
   2.0000000e+00   1.7841406e-01  -3.1833125e+00
   2.0000000e+00   3.2103516e-01  -4.3830625e+00
   8.0000000e+00   3.7358398e-01  -1.4289375e+00
   8.0000000e+00   4.5644531e-01  -5.9090000e+00
   8.0000000e+00   2.8070703e-01  -3.3866250e+00
   2.0000000e+00   3.1308203e-01  -6.5335625e+00
   2.0000000e+00   2.5690820e-01  -4.6187500e+00
   8.0000000e+00   4.0866992e-01  -6.1975625e+00
   2.0000000e+00   3.1373047e-01  -4.5258750e+00
   8.0000000e+00   2.5119922e-01  -4.5901875e+00
   2.0000000e+00   1.0522656e-01  -1.8667500e+00
   2.0000000e+00   2.4534766e-01  -4.2472500e+00
   2.0000000e+00   1.9892578e-01  -2.9333750e+00
   2.0000000e+00   2.9341211e-01  -5.0375625e+00
   8.0000000e+00   3.5639844e-01  -5.6627500e+00
   2.0000000e+00   1.4224023e-01  -3.3098125e+00
   2.0000000e+00   2.8376367e-01  -5.6323750e+00
   2.0000000e+00   3.7445117e-01  -4.3005625e+00
   8.0000000e+00   2.9777344e-01  -3.6853750e+00
   2.0000000e+00   3.1049414e-01  -5.8270625e+00
   2.0000000e+00   2.3560938e-01  -4.2560625e+00
   8.0000000e+00   2.1851953e-01  -2.3327500e+00
   8.0000000e+00   3.2717578e-01  -3.7376250e+00
   8.0000000e+00   2.8992578e-01  -2.2467500e+00
   2.0000000e+00   4.0345508e-01  -5.1710625e+00
   2.0000000e+00   2.6571680e-01  -4.5379375e+00
   8.0000000e+00   3.5313672e-01  -3.7525625e+00
   8.0000000e+00   2.4664258e-01  -2.0425625e+00
   2.0000000e+00   2.4109766e-01  -4.7700625e+00
   8.0000000e+00   3.8183594e-01  -2.5176875e+00
   8.0000000e+00   3.6061719e-01  -4.7583125e+00
   8.0000000e+00   2.4798438e-01  -1.6453750e+00
   2.0000000e+00   2.1969531e-01  -5.0075000e+00
   2.0000000e+00   2.7729492e-01  -5.7964375e+00
   2.0000000e+00   3.0561719e-01  -4.2335000e+00
   2.0000000e+00   2.9319922e-01  -4.9666875e+00
   2.0000000e+00   1.9292188e-01  -4.2135000e+00
   2.0000000e+00   1.6263281e-01  -4.2142500e+00
   2.0000000e+00   2.4239453e-01  -3.6838750e+00
   2.0000000e+00   1.6492383e-01  -2.9089375e+00
   2.0000000e+00   1.9742383e-01  -3.0583750e+00
   2.0000000e+00   3.2304297e-01  -5.7953125e+00
   2.0000000e+00   2.3500977e-01  -4.5056875e+00
   2.0000000e+00   2.2179883e-01  -4.3111250e+00
   2.0000000e+00   3.3344922e-01  -4.6826875e+00
   2.0000000e+00   2.7213672e-01  -4.6513750e+00
   2.0000000e+00   2.8000586e-01  -5.0475000e+00
   2.0000000e+00   2.4602148e-01  -5.0897500e+00
   2.0000000e+00   3.4460547e-01  -4.7831250e+00
   2.0000000e+00   2.0388867e-01  -4.0078125e+00
   2.0000000e+00   2.3042383e-01  -4.1130625e+00
   2.0000000e+00   1.9194727e-01  -3.5285000e+00
   2.0000000e+00   1.9922070e-01  -4.4156250e+00
   2.0000000e+00   1.9694531e-01  -3.9195625e+00
   2.0000000e+00   2.8355469e-01  -4.5768125e+00
   2.0000000e+00   2.6418750e-01  -4.3831875e+00
   2.0000000e+00   3.5918359e-01  -5.1776250e+00
   2.0000000e+00   2.0975977e-01  -3.1536250e+00
   2.0000000e+00   2.9563281e-01  -5.2989375e+00
   8.0000000e+00   2.6118359e-01  -3.8712500e+00
   2.0000000e+00   2.7587695e-01  -3.5220625e+00
   2.0000000e+00   2.2634375e-01  -4.1656875e+00
   2.0000000e+00   2.3654492e-01  -4.4951250e+00
   2.0000000e+00   3.1331641e-01  -3.9036875e+00
   2.0000000e+00   2.4048633e-01  -3.7476250e+00
   2.0000000e+00   3.2211914e-01  -4.3266250e+00
   2.0000000e+00   3.1715625e-01  -4.7206875e+00
   2.0000000e+00   3.3679883e-01  -3.4530625e+00
   2.0000000e+00   3.0251172e-01  -3.3386875e+00
   2.0000000e+00   3.9397461e-01  -3.8175000e+00
   2.0000000e+00   2.5571094e-01  -4.7126250e+00
   8.0000000e+00   1.6975977e-01  -3.0816875e+00
   2.0000000e+00   3.2649414e-01  -4.8268125e+00
   2.0000000e+00   3.0823633e-01  -5.5813750e+00
   8.0000000e+00   3.3693945e-01  -3.2598750e+00
   2.0000000e+00   2.6426953e-01  -3.7528125e+00
   2.0000000e+00   2.2072852e-01  -3.8390000e+00
   2.0000000e+00   2.2940039e-01  -3.3718750e+00
   2.0000000e+00   3.4047852e-01  -4.4802500e+00
   2.0000000e+00   3.9775781e-01  -5.4693125e+00
   2.0000000e+00   1.8567578e-01  -3.1963750e+00
   2.0000000e+00   4.0342578e-01  -6.3481250e+00
   2.0000000e+00   1.1514062e-01  -2.0798750e+00
   2.0000000e+00   2.7491992e-01  -5.1063125e+00
   2.0000000e+00   3.4011523e-01  -4.4020625e+00
   8.0000000e+00   2.5019141e-01  -3.5898125e+00
   8.0000000e+00   2.9958203e-01  -3.0553750e+00
   2.0000000e+00   1.9501367e-01  -2.6203125e+00
   2.0000000e+00   3.2593750e-01  -5.6773125e+00
   2.0000000e+00   2.5251953e-01  -4.5294375e+00
   2.0000000e+00   2.4896289e-01  -5.6844375e+00
   2.0000000e+00   3.5208398e-01  -2.5773125e+00
   2.0000000e+00   4.7109961e-01  -4.5661250e+00
   2.0000000e+00   3.2918945e-01  -4.7363750e+00
   2.0000000e+00   2.4475781e-01  -5.2358750e+00
   8.0000000e+00   2.3005273e-01  -3.1355625e+00
   8.0000000e+00   2.6474414e-01  -4.1353750e+00
   8.0000000e+00   3.9456641e-01  -5.4037500e+00
   2.0000000e+00   2.4900000e-01  -3.5843125e+00
   2.0000000e+00   3.4269922e-01  -4.2582500e+00
   2.0000000e+00   3.0334375e-01  -5.1738750e+00
   8.0000000e+00   3.3640234e-01  -3.2628750e+00
   2.0000000e+00   2.7080273e-01  -4.5884375e+00
   2.0000000e+00   2.6147070e-01  -4.7341875e+00
   2.0000000e+00   2.8152734e-01  -5.4225000e+00
   8.0000000e+00   3.1878516e-01  -2.9740625e+00
   2.0000000e+00   2.5427930e-01  -4.8716875e+00
   8.0000000e+00   1.9802344e-01  -3.2170000e+00
   8.0000000e+00   1.8999219e-01  -2.8030625e+00
   8.0000000e+00   4.8124219e-01  -4.2619375e+00
   8.0000000e+00   3.9850391e-01  -5.1421875e+00
   8.0000000e+00   2.9498828e-01  -3.6255000e+00
   8.0000000e+00   2.2382227e-01  -3.1024375e+00
   8.0000000e+00   6.3630273e-01  -3.8111250e+00
   2.0000000e+00   4.3359375e-01  -3.0754375e+00
   2.0000000e+00   3.8183594e-01  -4.8131250e+00
   2.0000000e+00   3.2441602e-01  -5.6034375e+00
   8.0000000e+00   3.9998242e-01  -5.8302500e+00
   8.0000000e+00   3.0944727e-01  -4.9208750e+00
   8.0000000e+00   3.8100195e-01  -4.0913125e+00
   8.0000000e+00   1.9657227e-01  -2.5599375e+00
   8.0000000e+00   2.8523633e-01  -5.0523125e+00
   2.0000000e+00   3.0524609e-01  -3.7535625e+00
   8.0000000e+00   3.0372656e-01  -3.7325000e+00
   8.0000000e+00   3.4957617e-01  -4.8681875e+00
   2.0000000e+00   2.0672852e-01  -4.3491250e+00
   2.0000000e+00   1.8959375e-01  -3.4776250e+00
   2.0000000e+00   3.4484180e-01  -4.1620625e+00
   2.0000000e+00   1.9666016e-01  -2.7878125e+00
   2.0000000e+00   2.3275000e-01  -3.6356875e+00
   8.0000000e+00   2.2933008e-01  -1.4585000e+00
   2.0000000e+00   4.3109570e-01  -3.0286875e+00
   8.0000000e+00   2.0953125e-01  -2.3197500e+00
   8.0000000e+00   3.3252148e-01  -2.6711250e+00
   2.0000000e+00   3.0914844e-01  -5.6381250e+00
   8.0000000e+00   3.3732617e-01  -2.0031875e+00
   2.0000000e+00   1.8744141e-01  -4.0124375e+00
   2.0000000e+00   1.9954297e-01  -4.1919375e+00
   2.0000000e+00   2.5959375e-01  -4.4963125e+00
   2.0000000e+00   2.9066602e-01  -5.2228125e+00
   8.0000000e+00   2.4621484e-01  -2.1268125e+00
   8.0000000e+00   2.6848047e-01  -2.3893750e+00
   2.0000000e+00   1.6261914e-01  -3.7003750e+00
   8.0000000e+00   2.0867188e-01  -2.9726250e+00
   2.0000000e+00   2.9131055e-01  -5.1480000e+00
   2.0000000e+00   5.6246484e-01  -4.2535625e+00
   2.0000000e+00   2.5485742e-01  -3.5446250e+00
   2.0000000e+00   1.6104883e-01  -3.3306250e+00
   2.0000000e+00   4.6820312e-02  -9.5868750e-01
   2.0000000e+00   6.7253906e-02  -1.4940625e+00
   8.0000000e+00   2.6129297e-01  -3.4439375e+00
   2.0000000e+00   2.2654297e-01  -4.5641875e+00
   2.0000000e+00   2.8054102e-01  -4.7437500e+00
   2.0000000e+00   2.9606055e-01  -4.3289375e+00
   8.0000000e+00   3.6631055e-01  -4.4484375e+00
   2.0000000e+00   2.7980664e-01  -4.7280625e+00
   2.0000000e+00   3.7046094e-01  -5.1662500e+00
   8.0000000e+00   2.1107031e-01  -2.5110625e+00
   2.0000000e+00   3.6050586e-01  -5.1392500e+00
   2.0000000e+00   2.1078516e-01  -3.5097500e+00
   2.0000000e+00   1.7895703e-01  -3.9343750e+00
   2.0000000e+00   2.6287891e-01  -5.3863750e+00
   8.0000000e+00   2.4078906e-01  -3.7148750e+00
   2.0000000e+00   4.1386719e-01  -5.3438125e+00
   8.0000000e+00   3.6097656e-01  -4.4737500e+00
   8.0000000e+00   2.2273828e-01  -3.6702500e+00
   2.0000000e+00   2.5487305e-01  -4.2666250e+00
   8.0000000e+00   2.1485938e-01  -2.8112500e+00
   2.0000000e+00   3.0711719e-01  -6.2512500e+00
   2.0000000e+00   2.6615234e-01  -6.0169375e+00
   2.0000000e+00   2.1031055e-01  -4.0326875e+00
   2.0000000e+00   1.3278320e-01  -2.8037500e+00
   2.0000000e+00   2.0666406e-01  -3.6920625e+00
   8.0000000e+00   1.5041211e-01  -2.8401250e+00
   2.0000000e+00   2.4755078e-01  -4.4760000e+00
   8.0000000e+00   2.6586328e-01  -1.8378125e+00
   2.0000000e+00   2.4484180e-01  -3.6040625e+00
   2.0000000e+00   2.2137305e-01  -4.4660625e+00
   8.0000000e+00   1.6663672e-01  -9.2268750e-01
   2.0000000e+00   1.6068945e-01  -2.8523125e+00
   2.0000000e+00   1.4626172e-01  -2.7987500e+00
   8.0000000e+00   3.3104102e-01  -2.3960000e+00
   8.0000000e+00   2.4013281e-01  -3.9851875e+00
   2.0000000e+00   3.8603711e-01  -5.7089375e+00
   8.0000000e+00   2.9282812e-01  -3.0000625e+00
   2.0000000e+00   3.6771484e-01  -4.0428750e+00
   8.0000000e+00   2.1201367e-01  -2.6100625e+00
   2.0000000e+00   4.2561328e-01  -5.0830625e+00
   2.0000000e+00   2.5457422e-01  -4.7360625e+00
   2.0000000e+00   4.0423828e-01  -5.0844375e+00
   2.0000000e+00   2.3528906e-01  -5.5748125e+00
   2.0000000e+00   2.3816602e-01  -3.4248750e+00
   2.0000000e+00   2.2977344e-01  -4.4590000e+00
   2.0000000e+00   2.2573437e-01  -5.1725625e+00
   2.0000000e+00   2.4811523e-01  -4.3851250e+00
   2.0000000e+00   1.9322656e-01  -3.9486250e+00
   8.0000000e+00   2.5363281e-01  -2.1921875e+00
   2.0000000e+00   2.5514844e-01  -3.4875000e+00
   2.0000000e+00   3.3202344e-01  -4.4995625e+00
   8.0000000e+00   3.1439063e-01  -1.3720000e+00
   2.0000000e+00   4.3722656e-01  -4.2793750e+00
   2.0000000e+00   3.1378320e-01  -4.3058125e+00
   2.0000000e+00   2.6782227e-01  -4.3400000e+00
   8.0000000e+00   3.2114258e-01  -3.8791250e+00
   2.0000000e+00   2.5541797e-01  -3.2610625e+00
   2.0000000e+00   3.3197852e-01  -4.3599375e+00
   2.0000000e+00   2.4795898e-01  -3.6968125e+00
   2.0000000e+00   4.1069727e-01  -6.3317500e+00
   8.0000000e+00   3.4213672e-01  -2.2152500e+00
   2.0000000e+00   3.5206836e-01  -4.7219375e+00
   2.0000000e+00   3.0229102e-01  -4.7425000e+00
   8.0000000e+00   3.1833984e-01  -3.9101875e+00
   2.0000000e+00   3.3002344e-01  -4.5489375e+00
   8.0000000e+00   1.8915625e-01  -2.7303750e+00
   8.0000000e+00   2.4240820e-01  -4.5297500e+00
   2.0000000e+00   3.0280078e-01  -5.2407500e+00
   8.0000000e+00   1.2989258e-01  -2.0028750e+00
   2.0000000e+00   2.5445313e-01  -3.2235625e+00
   8.0000000e+00   1.6420898e-01  -2.2751875e+00
   2.0000000e+00   5.2559570e-01  -5.7077500e+00
   8.0000000e+00   3.5279102e-01  -1.1444375e+00
   8.0000000e+00   3.7254492e-01  -3.5447500e+00
   2.0000000e+00   2.9415430e-01  -5.6710000e+00
   8.0000000e+00   3.2970117e-01  -4.3779375e+00
   2.0000000e+00   3.0228516e-01  -4.4183750e+00
   8.0000000e+00   3.2062891e-01  -3.6086250e+00
   8.0000000e+00   2.3587695e-01  -3.1046250e+00
   2.0000000e+00   2.7196875e-01  -4.4168125e+00
   8.0000000e+00   2.0524414e-01  -2.7426250e+00
   8.0000000e+00   3.4828516e-01  -4.4009375e+00
   2.0000000e+00   3.3503320e-01  -4.7471250e+00
   8.0000000e+00   4.0752930e-01  -3.6023750e+00
   8.0000000e+00   2.7020117e-01  -4.6338750e+00
   2.0000000e+00   3.2950586e-01  -5.2802500e+00
   8.0000000e+00   3.4442578e-01  -4.1407500e+00
   2.0000000e+00   2.8805859e-01  -4.6735000e+00
   2.0000000e+00   2.7817773e-01  -5.0130000e+00
   2.0000000e+00   3.6915820e-01  -5.2210000e+00
   2.0000000e+00   2.6773242e-01  -4.1816250e+00
   2.0000000e+00   3.0394922e-01  -5.1747500e+00
   2.0000000e+00   2.9885547e-01  -5.4651250e+00
   8.0000000e+00   2.8167188e-01  -1.3150625e+00
   2.0000000e+00   2.3125195e-01  -4.1251875e+00
   8.0000000e+00   3.3244727e-01  -5.4505000e+00
   2.0000000e+00   2.7708008e-01  -3.8138750e+00
   8.0000000e+00   2.5854297e-01  -1.9469375e+00
   2.0000000e+00   2.9437695e-01  -4.4804375e+00
   2.0000000e+00   2.1803125e-01  -4.6393125e+00
   8.0000000e+00   2.8335937e-01  -5.6472500e+00
   8.0000000e+00   2.1907617e-01  -2.3090000e+00
   8.0000000e+00   2.0453516e-01  -2.7575000e+00
   8.0000000e+00   2.4589844e-01  -2.3813750e+00
   8.0000000e+00   3.8547461e-01  -3.8594375e+00
   2.0000000e+00   2.8741406e-01  -6.5083750e+00
   2.0000000e+00   2.7556055e-01  -4.5849375e+00
   2.0000000e+00   1.9014453e-01  -3.5728125e+00
   8.0000000e+00   1.8537305e-01  -2.1501250e+00
   2.0000000e+00   4.7537305e-01  -4.7585000e+00
   2.0000000e+00   3.3665625e-01  -4.9698125e+00
   2.0000000e+00   3.3357617e-01  -5.6697500e+00
   8.0000000e+00   2.4859180e-01  -3.0726250e+00
   2.0000000e+00   2.9271875e-01  -4.6921875e+00
   8.0000000e+00   2.6703320e-01  -4.2991875e+00
   8.0000000e+00   3.2821484e-01  -3.3773750e+00
   2.0000000e+00   9.8136719e-02  -1.4321875e+00
   8.0000000e+00   2.7573242e-01  -2.0248750e+00
   8.0000000e+00   2.7304883e-01  -2.7235625e+00
   8.0000000e+00   3.5416211e-01  -5.1322500e+00
   8.0000000e+00   2.8531250e-01  -2.3088750e+00
   8.0000000e+00   3.5437891e-01  -3.6717500e+00
   2.0000000e+00   2.2839258e-01  -3.9957500e+00
   2.0000000e+00   3.6239258e-01  -5.0970625e+00
   2.0000000e+00   3.9016797e-01  -4.9833125e+00
   2.0000000e+00   3.7181836e-01  -4.9217500e+00
   8.0000000e+00   4.8145117e-01  -3.3880000e+00
   8.0000000e+00   2.7879883e-01  -4.7460625e+00
   2.0000000e+00   3.4039844e-01  -5.8288750e+00
   8.0000000e+00   1.9296289e-01  -2.1853125e+00
   2.0000000e+00   3.3815820e-01  -5.9806875e+00
   8.0000000e+00   2.7455664e-01  -1.5620625e+00
   8.0000000e+00   2.4530078e-01  -2.4893125e+00
   8.0000000e+00   3.1470898e-01  -5.0223750e+00
   8.0000000e+00   3.7425977e-01  -6.9378125e+00
   2.0000000e+00   2.6001172e-01  -3.8652500e+00
   2.0000000e+00   2.7386914e-01  -3.9796875e+00
   2.0000000e+00   3.4140820e-01  -4.7151875e+00
   8.0000000e+00   1.8386523e-01  -2.3635000e+00
   8.0000000e+00   2.2955859e-01  -3.2878125e+00
   8.0000000e+00   2.0196094e-01  -2.5460625e+00
   2.0000000e+00   1.9181836e-01  -4.0843125e+00
   2.0000000e+00   2.5605078e-01  -4.6960625e+00
   2.0000000e+00   3.3826953e-01  -5.9906250e+00
   8.0000000e+00   1.9316602e-01  -1.9451250e+00
   8.0000000e+00   2.4685352e-01  -3.0428125e+00
   8.0000000e+00   2.4696484e-01  -2.4466250e+00
   2.0000000e+00   2.9062891e-01  -4.8981250e+00
   2.0000000e+00   2.9903516e-01  -4.6679375e+00
   8.0000000e+00   2.6777344e-01  -3.4722500e+00
   2.0000000e+00   2.3970312e-01  -3.8290000e+00
   2.0000000e+00   2.8197461e-01  -5.8860000e+00
   8.0000000e+00   2.5980469e-01  -4.1055000e+00
   2.0000000e+00   3.7932617e-01  -3.9695000e+00
   8.0000000e+00   1.7983789e-01  -2.2107500e+00
   2.0000000e+00   2.1333594e-01  -3.8818125e+00
   8.0000000e+00   4.4936328e-01  -4.8013125e+00
   8.0000000e+00   4.1378516e-01  -2.7640625e+00
   2.0000000e+00   1.7953711e-01  -3.5082500e+00
   8.0000000e+00   3.0527930e-01  -3.3136875e+00
   8.0000000e+00   2.0828906e-01  -3.4463750e+00
   2.0000000e+00   1.6666602e-01  -3.1818750e+00
   8.0000000e+00   1.6669336e-01  -3.1117500e+00
   2.0000000e+00   2.5860352e-01  -4.2596250e+00
   8.0000000e+00   2.4243945e-01  -2.4279375e+00
   8.0000000e+00   5.5966797e-01  -2.4491250e+00
   8.0000000e+00   2.7969727e-01  -5.0708125e+00
   8.0000000e+00   3.4248828e-01  -3.0073750e+00
   2.0000000e+00   4.0974609e-01  -6.5911875e+00
   8.0000000e+00   2.6470703e-01  -3.7433750e+00
   2.0000000e+00   2.3354297e-01  -3.1538125e+00
   8.0000000e+00   2.5609570e-01  -3.5296875e+00
   2.0000000e+00   2.0853320e-01  -3.4183750e+00
   8.0000000e+00   2.1010352e-01  -2.5427500e+00
   2.0000000e+00   3.3665234e-01  -5.5881875e+00
   8.0000000e+00   3.3385547e-01  -3.1575000e+00
   2.0000000e+00   3.5732422e-01  -5.4552500e+00
   8.0000000e+00   2.2311914e-01  -3.4271875e+00
   2.0000000e+00   2.9158789e-01  -5.2996875e+00
   8.0000000e+00   4.0074023e-01  -6.8451875e+00
   2.0000000e+00   3.6516211e-01  -4.9870625e+00
   8.0000000e+00   1.6269141e-01  -2.1070625e+00
   8.0000000e+00   3.3954297e-01  -2.6323750e+00
   2.0000000e+00   3.5107031e-01  -5.9088750e+00
   2.0000000e+00   4.1186133e-01  -5.3046250e+00
   8.0000000e+00   2.5723242e-01  -3.9036250e+00
   2.0000000e+00   2.1062695e-01  -4.1370000e+00
   8.0000000e+00   4.1551562e-01  -4.2259375e+00
   2.0000000e+00   2.4916992e-01  -4.5450000e+00
   8.0000000e+00   2.4540430e-01  -2.6081250e+00
   8.0000000e+00   1.6996094e-01  -2.7726875e+00
   2.0000000e+00   1.2539453e-01  -2.4486875e+00
   2.0000000e+00   2.9625195e-01  -4.1665000e+00
   2.0000000e+00   3.0539844e-01  -5.5684375e+00
   8.0000000e+00   2.7501172e-01  -4.4645625e+00
   2.0000000e+00   3.2077539e-01  -4.6037500e+00
   2.0000000e+00   3.9958398e-01  -4.9132500e+00
   2.0000000e+00   3.4628711e-01  -5.7885625e+00
   2.0000000e+00   3.9264844e-01  -5.5818125e+00
   2.0000000e+00   2.6417188e-01  -4.3373125e+00
   8.0000000e+00   3.3283984e-01  -3.3153125e+00
   2.0000000e+00   4.5968945e-01  -5.0433750e+00
   8.0000000e+00   3.0686133e-01  -6.5006875e+00
   8.0000000e+00   2.6757422e-01  -3.5734375e+00
   2.0000000e+00   2.9028516e-01  -4.7532500e+00
   2.0000000e+00   2.5547266e-01  -4.4555000e+00
   8.0000000e+00   2.7630664e-01  -2.0347500e+00
   2.0000000e+00   2.7573828e-01  -4.6065625e+00
   2.0000000e+00   4.4541211e-01  -6.1632500e+00
   2.0000000e+00   3.9750586e-01  -5.7055625e+00
   2.0000000e+00   2.9246875e-01  -5.1526250e+00
   2.0000000e+00   2.8086523e-01  -5.5986875e+00
   8.0000000e+00   3.0235937e-01  -5.8390625e+00
   8.0000000e+00   2.4019922e-01  -3.4763125e+00
   2.0000000e+00   3.5510156e-01  -5.9024375e+00
   8.0000000e+00   4.1940820e-01  -4.9998125e+00
   8.0000000e+00   2.8808594e-01  -2.3653750e+00
   8.0000000e+00   3.3715820e-01  -3.8149375e+00
   8.0000000e+00   2.9001562e-01  -3.3140000e+00
   8.0000000e+00   2.9567383e-01  -3.2821875e+00
   2.0000000e+00   5.1934180e-01  -3.7427500e+00
   2.0000000e+00   2.4034180e-01  -4.8110000e+00
   2.0000000e+00   2.2824414e-01  -4.9428750e+00
   2.0000000e+00   2.3441406e-01  -3.7499375e+00
   8.0000000e+00   2.6890820e-01  -3.4123750e+00
   8.0000000e+00   2.4613477e-01  -3.1555000e+00
   2.0000000e+00   3.1110156e-01  -5.0136875e+00
   2.0000000e+00   3.7423047e-01  -5.2766250e+00
   8.0000000e+00   1.4553125e-01  -1.9282500e+00
   2.0000000e+00   1.8012109e-01  -3.3941875e+00
   8.0000000e+00   2.5189063e-01  -3.2545000e+00
