   6.0000000e+00   3.4109180e-01  -4.5289375e+00
   6.0000000e+00   2.1278516e-01  -3.7213750e+00
   6.0000000e+00   2.0930078e-01  -3.7671250e+00
   2.0000000e+00   3.0232617e-01  -5.9131875e+00
   6.0000000e+00   2.2534180e-01  -3.9778750e+00
   2.0000000e+00   1.6425195e-01  -2.8780625e+00
   6.0000000e+00   1.4176563e-01  -2.3260000e+00
   6.0000000e+00   1.6395313e-01  -2.6918750e+00
   2.0000000e+00   2.3323633e-01  -4.2458750e+00
   2.0000000e+00   2.6739844e-01  -3.4702500e+00
   2.0000000e+00   2.3461914e-01  -3.3475000e+00
   2.0000000e+00   2.8325195e-01  -4.8611250e+00
   2.0000000e+00   3.3435352e-01  -3.8088750e+00
   2.0000000e+00   1.9907422e-01  -3.6469375e+00
   2.0000000e+00   1.1708789e-01  -2.7410625e+00
   2.0000000e+00   2.6368750e-01  -4.3882500e+00
   6.0000000e+00   3.0213477e-01  -3.8927500e+00
   6.0000000e+00   3.3438867e-01  -4.9308750e+00
   6.0000000e+00   2.0269141e-01  -3.6675625e+00
   2.0000000e+00   3.0964648e-01  -4.9491250e+00
   2.0000000e+00   2.9937891e-01  -5.5686875e+00
   6.0000000e+00   2.5022266e-01  -4.7342500e+00
   6.0000000e+00   2.1973828e-01  -3.8607500e+00
   2.0000000e+00   4.0496289e-01  -6.0150625e+00
   2.0000000e+00   3.1347070e-01  -3.9344375e+00
   6.0000000e+00   2.5520508e-01  -4.9750000e+00
   6.0000000e+00   2.8122070e-01  -4.0573750e+00
   6.0000000e+00   2.5332422e-01  -3.5625625e+00
   2.0000000e+00   3.2455469e-01  -6.3529375e+00
   6.0000000e+00   2.5852344e-01  -4.7458750e+00
   6.0000000e+00   2.8472852e-01  -5.4161875e+00
   2.0000000e+00   2.7851172e-01  -5.1588125e+00
   2.0000000e+00   1.6137500e-01  -3.1418750e+00
   6.0000000e+00   2.8683789e-01  -4.4883125e+00
   2.0000000e+00   3.0006445e-01  -4.9890000e+00
   2.0000000e+00   2.5207813e-01  -5.3381250e+00
   2.0000000e+00   2.4014258e-01  -2.9931875e+00
   2.0000000e+00   3.9188867e-01  -5.9671875e+00
   2.0000000e+00   2.0572852e-01  -3.8619375e+00
   2.0000000e+00   3.4291211e-01  -6.4613750e+00
   2.0000000e+00   3.1355664e-01  -4.3781875e+00
   2.0000000e+00   1.6754883e-01  -3.0082500e+00
   2.0000000e+00   2.1959570e-01  -4.1358125e+00
   2.0000000e+00   1.5616016e-01  -3.1676875e+00
   2.0000000e+00   1.6002539e-01  -2.4193750e+00
   2.0000000e+00   1.9980273e-01  -2.6626875e+00
   2.0000000e+00   2.8785156e-01  -4.1078750e+00
   2.0000000e+00   1.9296680e-01  -3.8806875e+00
   2.0000000e+00   1.7541602e-01  -3.6166875e+00
   6.0000000e+00   2.5545898e-01  -3.3671250e+00
   2.0000000e+00   3.4135156e-01  -3.9849375e+00
   6.0000000e+00   3.4923437e-01  -6.0088750e+00
   2.0000000e+00   2.9270117e-01  -3.2854375e+00
   6.0000000e+00   2.4427539e-01  -4.5516875e+00
   6.0000000e+00   1.7282227e-01  -3.0387500e+00
   2.0000000e+00   2.6468555e-01  -4.5948750e+00
   6.0000000e+00   2.3999219e-01  -3.8719375e+00
   6.0000000e+00   2.5048242e-01  -4.5956250e+00
   6.0000000e+00   2.4038672e-01  -3.3532500e+00
   6.0000000e+00   2.0749805e-01  -4.2295000e+00
   6.0000000e+00   2.5561523e-01  -4.5001250e+00
   6.0000000e+00   2.3658008e-01  -4.7507500e+00
   6.0000000e+00   1.8142773e-01  -3.9186250e+00
   6.0000000e+00   1.9194531e-01  -3.8686250e+00
   2.0000000e+00   2.9803320e-01  -4.7351250e+00
   2.0000000e+00   3.7451172e-01  -5.1918125e+00
   2.0000000e+00   3.6505469e-01  -6.3261875e+00
   6.0000000e+00   2.2082227e-01  -3.1940625e+00
   2.0000000e+00   2.2577344e-01  -4.9801250e+00
   2.0000000e+00   1.7110742e-01  -3.0755625e+00
   2.0000000e+00   3.3290039e-01  -3.6212500e+00
   2.0000000e+00   3.2070508e-01  -4.3083125e+00
   6.0000000e+00   2.4281055e-01  -4.3193750e+00
   2.0000000e+00   4.6189453e-01  -4.7460625e+00
   6.0000000e+00   3.2563867e-01  -6.0330000e+00
   2.0000000e+00   3.4991016e-01  -4.7875000e+00
   6.0000000e+00   2.8956836e-01  -6.3693125e+00
   6.0000000e+00   3.0739453e-01  -6.3014375e+00
   6.0000000e+00   2.6952930e-01  -5.3064375e+00
   6.0000000e+00   2.4242383e-01  -3.8374375e+00
   2.0000000e+00   2.8753320e-01  -5.1054375e+00
   6.0000000e+00   3.2865234e-01  -6.0801250e+00
   6.0000000e+00   1.0011719e-01  -1.7415625e+00
   6.0000000e+00   2.9072070e-01  -4.0738750e+00
   2.0000000e+00   3.6113672e-01  -5.1243125e+00
   6.0000000e+00   2.4306445e-01  -4.2538125e+00
   2.0000000e+00   3.6351563e-01  -4.7831250e+00
   6.0000000e+00   1.4360156e-01  -2.3280000e+00
   6.0000000e+00   1.9375391e-01  -2.2433125e+00
   6.0000000e+00   1.7743945e-01  -2.8775625e+00
   6.0000000e+00   2.4010547e-01  -3.8061250e+00
   2.0000000e+00   1.8582227e-01  -3.3716250e+00
   6.0000000e+00   2.0296680e-01  -3.2101875e+00
   2.0000000e+00   3.8668750e-01  -5.8071875e+00
   6.0000000e+00   2.0204297e-01  -4.2441250e+00
   2.0000000e+00   1.8260156e-01  -3.7633125e+00
   6.0000000e+00   2.4741992e-01  -3.6719375e+00
   2.0000000e+00   2.9004102e-01  -4.7577500e+00
   6.0000000e+00   1.8073242e-01  -3.3066250e+00
   6.0000000e+00   2.1047461e-01  -3.4828125e+00
   6.0000000e+00   2.5583398e-01  -4.4628750e+00
   6.0000000e+00   3.1945313e-01  -3.7214375e+00
   2.0000000e+00   1.9016016e-01  -2.0351250e+00
   6.0000000e+00   1.6511328e-01  -3.0784375e+00
   2.0000000e+00   2.6513867e-01  -4.9476250e+00
   6.0000000e+00   2.2986914e-01  -4.2670625e+00
   6.0000000e+00   2.5695703e-01  -4.2045000e+00
   6.0000000e+00   1.9022461e-01  -2.6517500e+00
   2.0000000e+00   2.7569727e-01  -5.1150000e+00
   6.0000000e+00   1.7742578e-01  -3.5408750e+00
   2.0000000e+00   2.2478906e-01  -4.1161250e+00
   6.0000000e+00   2.2826562e-01  -4.2855625e+00
   6.0000000e+00   1.7953516e-01  -3.5239375e+00
   2.0000000e+00   2.3526758e-01  -3.8068750e+00
   2.0000000e+00   2.2725781e-01  -4.5017500e+00
   6.0000000e+00   2.4360156e-01  -4.0944375e+00
   6.0000000e+00   2.4295898e-01  -4.5091250e+00
   6.0000000e+00   2.0408203e-01  -4.0919375e+00
   2.0000000e+00   4.0533789e-01  -6.4565000e+00
   6.0000000e+00   2.7999219e-01  -5.3160625e+00
   2.0000000e+00   1.3626172e-01  -2.8964375e+00
   6.0000000e+00   3.5347656e-01  -4.9893750e+00
   6.0000000e+00   1.7929883e-01  -3.3518750e+00
   2.0000000e+00   1.8567383e-01  -3.1919375e+00
   2.0000000e+00   2.3300781e-01  -4.5359375e+00
   2.0000000e+00   2.9791797e-01  -4.2606875e+00
   6.0000000e+00   2.4193359e-01  -4.4168125e+00
   2.0000000e+00   1.3382422e-01  -2.4320000e+00
   6.0000000e+00   3.3174023e-01  -5.8703125e+00
   2.0000000e+00   2.7994922e-01  -4.9381250e+00
   6.0000000e+00   2.5383398e-01  -5.3807500e+00
   6.0000000e+00   1.6731445e-01  -3.6010625e+00
   2.0000000e+00   2.2071289e-01  -3.8032500e+00
   6.0000000e+00   3.2777344e-01  -5.4401250e+00
   6.0000000e+00   1.5299414e-01  -3.1221875e+00
   2.0000000e+00   1.5137891e-01  -3.0066250e+00
   6.0000000e+00   2.7254883e-01  -4.6736875e+00
   6.0000000e+00   2.8758984e-01  -5.0668125e+00
   2.0000000e+00   1.9955273e-01  -3.7710000e+00
   2.0000000e+00   2.7325391e-01  -4.1274375e+00
   2.0000000e+00   2.4926172e-01  -4.9521875e+00
   2.0000000e+00   2.3277148e-01  -3.7389375e+00
   2.0000000e+00   3.3430664e-01  -5.2113750e+00
   2.0000000e+00   2.5137305e-01  -4.0179375e+00
   2.0000000e+00   3.5638672e-01  -4.4035000e+00
   2.0000000e+00   3.2558398e-01  -5.3535625e+00
   2.0000000e+00   3.3105664e-01  -4.7303750e+00
   6.0000000e+00   2.1142773e-01  -3.8814375e+00
   2.0000000e+00   2.2247266e-01  -3.8882500e+00
   2.0000000e+00   2.1736328e-01  -4.1575000e+00
   2.0000000e+00   2.5207227e-01  -3.5475625e+00
   2.0000000e+00   3.1178906e-01  -5.2914375e+00
   2.0000000e+00   4.2903711e-01  -5.4879375e+00
   2.0000000e+00   3.4298242e-01  -4.6171875e+00
   2.0000000e+00   3.1602344e-01  -4.9779375e+00
   2.0000000e+00   2.0891211e-01  -4.0527500e+00
   6.0000000e+00   3.2301953e-01  -5.8926250e+00
   2.0000000e+00   2.3894141e-01  -3.9150000e+00
   2.0000000e+00   2.5526562e-01  -5.0723125e+00
   6.0000000e+00   3.0759375e-01  -4.9255000e+00
   2.0000000e+00   2.4241602e-01  -4.2598750e+00
   2.0000000e+00   3.2598828e-01  -4.6885625e+00
   2.0000000e+00   2.8779688e-01  -4.5116875e+00
   6.0000000e+00   2.9525195e-01  -4.3768125e+00
   2.0000000e+00   2.0727734e-01  -4.0871875e+00
   2.0000000e+00   1.7242188e-01  -3.9593750e+00
   6.0000000e+00   2.0280859e-01  -4.4887500e+00
   2.0000000e+00   3.4061719e-01  -4.7765625e+00
   2.0000000e+00   2.6540234e-01  -4.7862500e+00
   2.0000000e+00   3.4503711e-01  -5.2139375e+00
   2.0000000e+00   3.5044531e-01  -4.2160000e+00
   2.0000000e+00   2.7610742e-01  -4.1250000e+00
   2.0000000e+00   3.1813086e-01  -3.3056250e+00
   2.0000000e+00   2.9736914e-01  -3.4948125e+00
   6.0000000e+00   3.1284375e-01  -5.4084375e+00
   2.0000000e+00   3.4364453e-01  -4.4915000e+00
   2.0000000e+00   2.5074023e-01  -3.6167500e+00
   2.0000000e+00   3.3061523e-01  -4.7706250e+00
   2.0000000e+00   3.2033008e-01  -5.8004375e+00
   6.0000000e+00   2.8872656e-01  -4.4893750e+00
   2.0000000e+00   3.2923242e-01  -4.2795625e+00
   2.0000000e+00   3.0735742e-01  -5.0974375e+00
   2.0000000e+00   3.7532617e-01  -3.6785000e+00
   2.0000000e+00   2.9718555e-01  -5.8158125e+00
   2.0000000e+00   1.8749414e-01  -3.6476875e+00
   6.0000000e+00   3.2238477e-01  -4.7973125e+00
   2.0000000e+00   3.7076953e-01  -6.1594375e+00
   2.0000000e+00   3.6164258e-01  -6.2508750e+00
   2.0000000e+00   1.9467773e-01  -4.1794375e+00
   2.0000000e+00   1.7297461e-01  -3.4917500e+00
   2.0000000e+00   2.7598633e-01  -4.2910625e+00
   2.0000000e+00   3.2173047e-01  -4.3017500e+00
   6.0000000e+00   1.1400195e-01  -1.7169375e+00
   2.0000000e+00   3.0709375e-01  -4.9853750e+00
   2.0000000e+00   3.5232031e-01  -6.1666875e+00
   2.0000000e+00   2.6931836e-01  -4.2143125e+00
   2.0000000e+00   2.6952539e-01  -5.3805000e+00
   2.0000000e+00   3.0012305e-01  -4.5936250e+00
   2.0000000e+00   3.9472266e-01  -4.0703750e+00
   2.0000000e+00   2.5833789e-01  -4.3471250e+00
   2.0000000e+00   2.9372266e-01  -4.1110625e+00
   6.0000000e+00   2.6433008e-01  -4.8457500e+00
   2.0000000e+00   1.6129102e-01  -2.2840625e+00
   6.0000000e+00   1.9905273e-01  -3.9894375e+00
   2.0000000e+00   3.5225586e-01  -5.7073125e+00
   6.0000000e+00   2.1120898e-01  -3.8875625e+00
   2.0000000e+00   3.4220117e-01  -4.8617500e+00
   6.0000000e+00   3.3769336e-01  -4.2833750e+00
   2.0000000e+00   3.0457617e-01  -4.8003750e+00
   6.0000000e+00   2.5076563e-01  -3.7203750e+00
   6.0000000e+00   2.1123242e-01  -3.5716250e+00
   6.0000000e+00   3.0485937e-01  -4.8993750e+00
   6.0000000e+00   3.5706836e-01  -5.6120625e+00
   6.0000000e+00   3.4130664e-01  -5.7747500e+00
   6.0000000e+00   4.1410156e-01  -6.1256250e+00
   6.0000000e+00   3.0953711e-01  -4.0772500e+00
   2.0000000e+00   2.6139648e-01  -3.9065000e+00
   6.0000000e+00   3.3800977e-01  -5.9946250e+00
   6.0000000e+00   3.1397852e-01  -5.3356875e+00
   2.0000000e+00   2.3833789e-01  -3.5234375e+00
   2.0000000e+00   2.5609961e-01  -4.8286875e+00
   6.0000000e+00   1.8425391e-01  -2.9396250e+00
   2.0000000e+00   4.6158789e-01  -6.3245000e+00
   6.0000000e+00   2.4570312e-01  -4.9655625e+00
   2.0000000e+00   1.8111133e-01  -3.8718125e+00
   2.0000000e+00   1.0470117e-01  -2.0403125e+00
   2.0000000e+00   2.5066016e-01  -5.3246875e+00
   6.0000000e+00   3.7860742e-01  -5.2468750e+00
   2.0000000e+00   3.1887695e-01  -4.1925625e+00
   2.0000000e+00   2.8611328e-01  -4.2628125e+00
   2.0000000e+00   2.9109961e-01  -4.8304375e+00
   2.0000000e+00   3.3428320e-01  -5.0833750e+00
   6.0000000e+00   2.4998438e-01  -4.0945625e+00
   2.0000000e+00   3.7238281e-01  -5.6673125e+00
   6.0000000e+00   3.3074023e-01  -4.3626250e+00
   6.0000000e+00   3.3091797e-01  -5.0190000e+00
   2.0000000e+00   3.5248828e-01  -6.0931875e+00
   2.0000000e+00   2.3925195e-01  -3.3940625e+00
   2.0000000e+00   2.9116406e-01  -4.6607500e+00
   6.0000000e+00   2.7071094e-01  -4.3335625e+00
   6.0000000e+00   4.5618164e-01  -6.5829375e+00
   6.0000000e+00   3.3854297e-01  -5.2950000e+00
   6.0000000e+00   2.2813477e-01  -4.2560625e+00
   2.0000000e+00   1.6525000e-01  -3.4219375e+00
   2.0000000e+00   3.4221484e-01  -5.6703125e+00
   2.0000000e+00   3.6295508e-01  -4.2379375e+00
   2.0000000e+00   3.4278125e-01  -6.5608750e+00
   6.0000000e+00   3.0953906e-01  -4.6729375e+00
   2.0000000e+00   1.8889648e-01  -4.2257500e+00
   6.0000000e+00   2.4815820e-01  -3.8583750e+00
   6.0000000e+00   2.1472266e-01  -3.5068125e+00
   2.0000000e+00   3.4974219e-01  -5.7724375e+00
   6.0000000e+00   3.7671289e-01  -6.0123125e+00
   6.0000000e+00   1.9826563e-01  -3.1232500e+00
   6.0000000e+00   3.1646680e-01  -4.8870625e+00
   6.0000000e+00   2.3749609e-01  -3.4766875e+00
   6.0000000e+00   1.3395313e-01  -2.5867500e+00
   6.0000000e+00   1.9339844e-01  -3.6793750e+00
   2.0000000e+00   4.5111328e-01  -4.6380000e+00
   2.0000000e+00   2.7340820e-01  -5.0863125e+00
   2.0000000e+00   2.5859961e-01  -4.3467500e+00
   2.0000000e+00   3.1899414e-01  -5.4053125e+00
   6.0000000e+00   3.5138672e-01  -6.5458750e+00
   6.0000000e+00   4.1430469e-01  -6.1586250e+00
   6.0000000e+00   1.6781836e-01  -3.0938125e+00
   2.0000000e+00   3.2048242e-01  -5.0265000e+00
   2.0000000e+00   3.4374023e-01  -5.2498125e+00
   2.0000000e+00   3.7499023e-01  -5.3833750e+00
   6.0000000e+00   1.9691211e-01  -3.7371875e+00
   6.0000000e+00   2.3649805e-01  -4.5658125e+00
   6.0000000e+00   2.7231445e-01  -5.3746250e+00
   6.0000000e+00   1.9805664e-01  -3.7277500e+00
   6.0000000e+00   2.2445117e-01  -4.2686250e+00
   6.0000000e+00   1.8566992e-01  -3.2955625e+00
   2.0000000e+00   2.3031055e-01  -5.0878125e+00
   2.0000000e+00   3.0944727e-01  -5.5307500e+00
   6.0000000e+00   1.8064844e-01  -2.9850625e+00
   2.0000000e+00   1.9290820e-01  -3.5531250e+00
   2.0000000e+00   4.6312695e-01  -4.0686250e+00
   2.0000000e+00   4.2146484e-01  -5.1829375e+00
   2.0000000e+00   3.2608203e-01  -5.2506875e+00
   2.0000000e+00   3.2270898e-01  -4.6103125e+00
   2.0000000e+00   1.8949023e-01  -2.7203125e+00
   2.0000000e+00   3.3836133e-01  -3.8410000e+00
   2.0000000e+00   1.9093750e-01  -3.7321875e+00
   2.0000000e+00   2.9849609e-01  -4.3298750e+00
   2.0000000e+00   2.3940039e-01  -4.7823125e+00
   2.0000000e+00   2.0805078e-01  -3.4991875e+00
   2.0000000e+00   2.8728125e-01  -5.9145000e+00
   2.0000000e+00   1.8129297e-01  -3.7985625e+00
   2.0000000e+00   1.8807031e-01  -4.1786875e+00
   2.0000000e+00   2.7955469e-01  -5.9626875e+00
   2.0000000e+00   2.3505273e-01  -4.9283750e+00
   6.0000000e+00   2.1657813e-01  -4.0662500e+00
   2.0000000e+00   2.8495703e-01  -4.8091250e+00
   2.0000000e+00   3.1384961e-01  -5.6918750e+00
   2.0000000e+00   2.2788086e-01  -4.5397500e+00
   2.0000000e+00   2.9710352e-01  -5.6455625e+00
   6.0000000e+00   1.8422461e-01  -4.2103750e+00
   2.0000000e+00   3.4828320e-01  -5.8353125e+00
   2.0000000e+00   3.7054687e-01  -5.4014375e+00
   2.0000000e+00   2.0766602e-01  -4.0169375e+00
   2.0000000e+00   2.9980664e-01  -6.0154375e+00
   2.0000000e+00   2.4275586e-01  -4.3421875e+00
   6.0000000e+00   1.9327734e-01  -3.2901875e+00
   6.0000000e+00   2.1365234e-01  -3.4150625e+00
   2.0000000e+00   3.3271680e-01  -4.1901250e+00
   6.0000000e+00   3.3034961e-01  -5.5365000e+00
   6.0000000e+00   2.1073242e-01  -4.0100625e+00
   2.0000000e+00   2.3866406e-01  -4.9033125e+00
   6.0000000e+00   2.6469922e-01  -4.9360625e+00
   2.0000000e+00   3.9796680e-01  -6.4343750e+00
   6.0000000e+00   2.3485742e-01  -4.6140625e+00
   6.0000000e+00   2.2956055e-01  -3.8821875e+00
   6.0000000e+00   3.2654492e-01  -4.8988750e+00
   6.0000000e+00   1.4727148e-01  -2.8748750e+00
   2.0000000e+00   3.2556250e-01  -6.0957500e+00
   6.0000000e+00   1.6031250e-01  -3.0386875e+00
   6.0000000e+00   2.5876172e-01  -4.1303750e+00
   2.0000000e+00   2.8389648e-01  -5.6162500e+00
   2.0000000e+00   2.0483398e-01  -3.5325625e+00
   2.0000000e+00   2.7905078e-01  -4.1588125e+00
   2.0000000e+00   3.0452148e-01  -5.4704375e+00
   2.0000000e+00   2.2775977e-01  -4.1603750e+00
   2.0000000e+00   3.5996680e-01  -4.7544375e+00
   2.0000000e+00   3.2683008e-01  -4.0153125e+00
   2.0000000e+00   1.6895703e-01  -2.7516875e+00
   2.0000000e+00   1.8250586e-01  -3.7494375e+00
   2.0000000e+00   2.7755664e-01  -5.3907500e+00
   2.0000000e+00   2.2600000e-01  -4.1037500e+00
   6.0000000e+00   1.6967773e-01  -3.1008125e+00
   6.0000000e+00   3.0615430e-01  -5.0506250e+00
   2.0000000e+00   2.0174609e-01  -3.8213750e+00
   6.0000000e+00   2.0520508e-01  -3.3331875e+00
   6.0000000e+00   4.1492578e-01  -5.7141250e+00
   6.0000000e+00   2.2654883e-01  -3.4376250e+00
   6.0000000e+00   2.0959766e-01  -3.6588125e+00
   6.0000000e+00   4.1219531e-01  -7.0837500e+00
   6.0000000e+00   3.7899609e-01  -5.7434375e+00
   6.0000000e+00   2.3011133e-01  -4.3325000e+00
   6.0000000e+00   2.1526367e-01  -4.8820625e+00
   2.0000000e+00   3.3484766e-01  -6.7613750e+00
   2.0000000e+00   2.3505469e-01  -3.7932500e+00
   6.0000000e+00   2.4758789e-01  -4.4187500e+00
   2.0000000e+00   4.7209961e-01  -4.1023750e+00
   2.0000000e+00   2.7234180e-01  -3.8523125e+00
   6.0000000e+00   2.2350586e-01  -3.3078125e+00
   6.0000000e+00   2.3622656e-01  -4.2471875e+00
   6.0000000e+00   2.3212500e-01  -4.1867500e+00
   2.0000000e+00   3.0117187e-01  -4.8214375e+00
   2.0000000e+00   3.9258008e-01  -5.3465000e+00
   2.0000000e+00   2.1582812e-01  -3.5631875e+00
   6.0000000e+00   2.6061719e-01  -5.4661250e+00
   2.0000000e+00   3.9804688e-01  -4.8373750e+00
   2.0000000e+00   2.8095313e-01  -3.7199375e+00
   2.0000000e+00   2.5234375e-01  -3.6478750e+00
   6.0000000e+00   1.4883398e-01  -2.7278125e+00
   6.0000000e+00   3.5357227e-01  -5.3832500e+00
   2.0000000e+00   3.3180273e-01  -4.4251250e+00
   2.0000000e+00   1.7717383e-01  -3.5808125e+00
   6.0000000e+00   2.0247070e-01  -3.1383750e+00
   2.0000000e+00   3.3639062e-01  -5.6321250e+00
   2.0000000e+00   2.9933398e-01  -5.3220000e+00
   6.0000000e+00   2.0955859e-01  -3.6585000e+00
   6.0000000e+00   2.5238086e-01  -5.8245000e+00
   6.0000000e+00   2.3483594e-01  -5.0375000e+00
   6.0000000e+00   2.9261328e-01  -3.9796250e+00
   6.0000000e+00   2.6975781e-01  -5.0337500e+00
   6.0000000e+00   1.7326563e-01  -3.6052500e+00
   6.0000000e+00   3.3228906e-01  -5.5916250e+00
   6.0000000e+00   1.8976758e-01  -4.0565625e+00
   6.0000000e+00   3.4725000e-01  -6.1352500e+00
   2.0000000e+00   4.6201172e-01  -5.2603750e+00
   6.0000000e+00   3.5916992e-01  -5.3960000e+00
   6.0000000e+00   1.7447852e-01  -3.6551875e+00
   2.0000000e+00   3.9512695e-01  -6.2558750e+00
   2.0000000e+00   2.6437500e-01  -3.6287500e+00
   2.0000000e+00   3.1404102e-01  -4.3461250e+00
   2.0000000e+00   2.8978516e-01  -5.5816875e+00
   2.0000000e+00   1.7264844e-01  -2.9095625e+00
   6.0000000e+00   1.5878711e-01  -2.5393125e+00
   2.0000000e+00   2.4851367e-01  -4.4968125e+00
   2.0000000e+00   2.0826953e-01  -2.7671250e+00
   2.0000000e+00   2.8607422e-01  -5.5879375e+00
   2.0000000e+00   1.9273242e-01  -3.7760000e+00
   2.0000000e+00   2.8648438e-01  -5.3120000e+00
   2.0000000e+00   4.4980664e-01  -3.9481875e+00
   6.0000000e+00   2.5078516e-01  -2.2932500e+00
   2.0000000e+00   2.2086914e-01  -3.7381875e+00
   6.0000000e+00   2.6062305e-01  -4.2988750e+00
   6.0000000e+00   2.4077344e-01  -3.8563125e+00
   6.0000000e+00   2.0375781e-01  -3.5795625e+00
   6.0000000e+00   1.4821484e-01  -2.7791250e+00
   6.0000000e+00   2.6252539e-01  -4.9896875e+00
   6.0000000e+00   2.6462695e-01  -4.9809375e+00
   6.0000000e+00   2.9369727e-01  -5.4644375e+00
   6.0000000e+00   2.0362305e-01  -3.2507500e+00
   2.0000000e+00   3.3143359e-01  -5.4431875e+00
   2.0000000e+00   3.2681055e-01  -5.6421875e+00
   6.0000000e+00   3.0563672e-01  -5.1592500e+00
   6.0000000e+00   3.1766992e-01  -6.3675000e+00
   2.0000000e+00   2.5287305e-01  -4.3624375e+00
   2.0000000e+00   3.0970703e-01  -5.2878125e+00
   2.0000000e+00   2.2991602e-01  -5.1326875e+00
   6.0000000e+00   2.2471289e-01  -4.2440625e+00
   2.0000000e+00   2.5782422e-01  -4.0645625e+00
   2.0000000e+00   1.2288477e-01  -2.7573750e+00
   2.0000000e+00   1.9742187e-01  -4.0478750e+00
   2.0000000e+00   3.6240820e-01  -4.4905625e+00
   2.0000000e+00   3.9014258e-01  -6.1218750e+00
   2.0000000e+00   2.8554492e-01  -5.4117500e+00
   2.0000000e+00   2.6200195e-01  -4.2871875e+00
   2.0000000e+00   1.7265039e-01  -3.0257500e+00
   2.0000000e+00   4.0245898e-01  -4.9370625e+00
   6.0000000e+00   2.7881836e-01  -4.3296875e+00
   2.0000000e+00   1.7937695e-01  -2.9998750e+00
   2.0000000e+00   2.9432422e-01  -5.3350625e+00
   2.0000000e+00   2.1678516e-01  -3.9260625e+00
   6.0000000e+00   1.9554297e-01  -3.0112500e+00
   2.0000000e+00   1.9486914e-01  -3.2633750e+00
   2.0000000e+00   2.2852930e-01  -4.7909375e+00
   2.0000000e+00   2.5946094e-01  -4.9086875e+00
   2.0000000e+00   3.2372266e-01  -4.3731875e+00
   2.0000000e+00   3.6457422e-01  -5.4838750e+00
   2.0000000e+00   2.9497266e-01  -5.5056250e+00
   6.0000000e+00   1.9012500e-01  -3.3479375e+00
   6.0000000e+00   2.1074023e-01  -3.8847500e+00
   6.0000000e+00   3.3461719e-01  -6.2285000e+00
   6.0000000e+00   2.8325391e-01  -5.2513125e+00
   6.0000000e+00   2.0330078e-01  -3.3226250e+00
   2.0000000e+00   3.4331250e-01  -5.6387500e+00
   2.0000000e+00   3.1481055e-01  -3.7885625e+00
   2.0000000e+00   3.0962500e-01  -4.9527500e+00
   2.0000000e+00   2.7708008e-01  -6.1152500e+00
   2.0000000e+00   2.4723047e-01  -4.4385000e+00
   2.0000000e+00   9.8121094e-02  -1.9776250e+00
   2.0000000e+00   3.3994922e-01  -5.9041250e+00
   6.0000000e+00   1.5338477e-01  -3.1585000e+00
   6.0000000e+00   3.0098828e-01  -6.4419375e+00
   2.0000000e+00   3.5743555e-01  -5.2845000e+00
   6.0000000e+00   2.5196094e-01  -4.2266875e+00
   2.0000000e+00   3.0871875e-01  -4.3361875e+00
   6.0000000e+00   3.2263086e-01  -4.9260000e+00
   6.0000000e+00   2.0867383e-01  -3.7443125e+00
   6.0000000e+00   4.0891211e-01  -5.9803125e+00
   6.0000000e+00   2.8354492e-01  -5.3231875e+00
   6.0000000e+00   2.5924609e-01  -4.8226250e+00
   6.0000000e+00   1.9199219e-01  -3.5321250e+00
   2.0000000e+00   3.0313867e-01  -3.5388125e+00
   2.0000000e+00   3.3349023e-01  -5.8722500e+00
   2.0000000e+00   3.6463672e-01  -5.2138125e+00
   6.0000000e+00   1.5853320e-01  -3.0448750e+00
   6.0000000e+00   2.8410352e-01  -5.2302500e+00
   6.0000000e+00   1.5351367e-01  -2.8905000e+00
   6.0000000e+00   1.5839062e-01  -3.2443750e+00
   6.0000000e+00   2.8703906e-01  -4.3553125e+00
   6.0000000e+00   3.2134961e-01  -4.7052500e+00
   6.0000000e+00   2.9367383e-01  -5.8570625e+00
   2.0000000e+00   2.9096289e-01  -5.5216875e+00
   6.0000000e+00   3.7031445e-01  -6.1486875e+00
   6.0000000e+00   3.2792187e-01  -5.7695000e+00
   6.0000000e+00   1.8212695e-01  -3.0996875e+00
   6.0000000e+00   2.0576172e-01  -3.9106875e+00
   2.0000000e+00   2.1616992e-01  -4.3509375e+00
   2.0000000e+00   2.5119336e-01  -5.2188125e+00
   6.0000000e+00   1.7179883e-01  -4.1262500e+00
   6.0000000e+00   2.9987891e-01  -4.7876250e+00
   6.0000000e+00   2.5779102e-01  -4.3279375e+00
   6.0000000e+00   1.8485742e-01  -3.0564375e+00
   6.0000000e+00   2.9156445e-01  -5.2533750e+00
   6.0000000e+00   3.9798438e-01  -6.2420000e+00
   2.0000000e+00   3.0472266e-01  -6.0991875e+00
   6.0000000e+00   2.5668750e-01  -3.5948750e+00
   6.0000000e+00   2.2074023e-01  -4.2736250e+00
   2.0000000e+00   2.4595313e-01  -5.1708750e+00
   2.0000000e+00   3.4316602e-01  -5.2844375e+00
   6.0000000e+00   2.6783984e-01  -4.5252500e+00
   6.0000000e+00   2.0331055e-01  -3.1132500e+00
   2.0000000e+00   1.2046484e-01  -2.7726250e+00
   2.0000000e+00   3.7414063e-01  -4.1466250e+00
   6.0000000e+00   3.1331055e-01  -5.4473750e+00
   2.0000000e+00   2.3227930e-01  -4.3825625e+00
   2.0000000e+00   3.2144727e-01  -5.7114375e+00
   2.0000000e+00   2.9976758e-01  -5.8829375e+00
   6.0000000e+00   2.4185742e-01  -3.9803125e+00
   2.0000000e+00   2.5285937e-01  -4.1435625e+00
   2.0000000e+00   2.5238281e-01  -3.4760625e+00
   6.0000000e+00   2.3067773e-01  -3.8641875e+00
   2.0000000e+00   3.2075781e-01  -5.0607500e+00
   2.0000000e+00   3.5883984e-01  -5.7729375e+00
   6.0000000e+00   1.6270117e-01  -3.3622500e+00
   2.0000000e+00   1.7863086e-01  -3.4599375e+00
   6.0000000e+00   1.3560352e-01  -2.6184375e+00
   2.0000000e+00   1.9761133e-01  -2.0180625e+00
   6.0000000e+00   1.5501172e-01  -2.6497500e+00
   2.0000000e+00   1.5392578e-01  -3.3181875e+00
   6.0000000e+00   2.4146484e-01  -4.1600625e+00
   6.0000000e+00   2.3153711e-01  -4.8298750e+00
   6.0000000e+00   1.8877148e-01  -3.8470000e+00
   6.0000000e+00   2.3161719e-01  -3.5697500e+00
   6.0000000e+00   2.9176172e-01  -4.8688125e+00
   2.0000000e+00   2.1429492e-01  -4.0885625e+00
   6.0000000e+00   2.2223242e-01  -3.4744375e+00
   6.0000000e+00   3.3366406e-01  -5.5303750e+00
   6.0000000e+00   2.6469922e-01  -4.0971875e+00
   6.0000000e+00   2.9336914e-01  -4.1166875e+00
   6.0000000e+00   2.4281641e-01  -5.5756250e+00
   6.0000000e+00   2.2475195e-01  -4.8864375e+00
   6.0000000e+00   2.6757813e-01  -4.8018750e+00
   2.0000000e+00   1.5913672e-01  -2.5727500e+00
   6.0000000e+00   2.0795508e-01  -4.2567500e+00
   2.0000000e+00   3.3027148e-01  -4.9568750e+00
   6.0000000e+00   2.2549609e-01  -3.8956875e+00
   6.0000000e+00   2.8198828e-01  -4.9028125e+00
   6.0000000e+00   2.3154102e-01  -3.0491250e+00
   6.0000000e+00   2.9921875e-01  -4.2073750e+00
   6.0000000e+00   2.1028906e-01  -4.5154375e+00
   6.0000000e+00   3.4023633e-01  -5.6723750e+00
   2.0000000e+00   2.7220117e-01  -3.6044375e+00
   6.0000000e+00   2.4957031e-01  -3.7960625e+00
   6.0000000e+00   2.4188086e-01  -4.2367500e+00
   6.0000000e+00   3.1042773e-01  -4.4314375e+00
   6.0000000e+00   3.4219727e-01  -5.2260625e+00
   6.0000000e+00   3.5018164e-01  -5.1258750e+00
   6.0000000e+00   1.8048437e-01  -4.2701875e+00
   6.0000000e+00   1.9608398e-01  -4.0176250e+00
   6.0000000e+00   4.1067188e-01  -4.9038125e+00
   6.0000000e+00   2.6073828e-01  -4.4661875e+00
   2.0000000e+00   3.3854492e-01  -5.5266250e+00
   2.0000000e+00   2.5274414e-01  -3.2659375e+00
   6.0000000e+00   3.0478516e-01  -5.9976250e+00
   6.0000000e+00   2.8873242e-01  -4.8899375e+00
   6.0000000e+00   3.0873047e-01  -4.7131875e+00
   2.0000000e+00   3.6293945e-01  -4.7227500e+00
   6.0000000e+00   2.9718750e-01  -5.1982500e+00
   6.0000000e+00   1.5535547e-01  -2.8955625e+00
   6.0000000e+00   1.8933789e-01  -4.2456250e+00
   6.0000000e+00   2.0493945e-01  -4.4815625e+00
   6.0000000e+00   2.0520117e-01  -4.3355625e+00
   6.0000000e+00   2.8427539e-01  -6.0158750e+00
   6.0000000e+00   3.2064062e-01  -4.5230625e+00
   6.0000000e+00   2.9853516e-01  -5.6120000e+00
   6.0000000e+00   2.9695703e-01  -4.6118125e+00
   2.0000000e+00   3.8269336e-01  -5.2319375e+00
   6.0000000e+00   2.5051172e-01  -4.4695625e+00
   2.0000000e+00   9.6986328e-02  -2.1764375e+00
   6.0000000e+00   2.7487305e-01  -4.0334375e+00
   6.0000000e+00   2.0391602e-01  -4.0611875e+00
   6.0000000e+00   1.6025195e-01  -3.4351250e+00
   2.0000000e+00   3.8685742e-01  -5.7212500e+00
   2.0000000e+00   3.6966211e-01  -4.9072500e+00
   6.0000000e+00   2.3607227e-01  -3.9823750e+00
   2.0000000e+00   3.6369922e-01  -5.3662500e+00
   2.0000000e+00   3.6968945e-01  -4.4983125e+00
   2.0000000e+00   2.0227539e-01  -2.6524375e+00
   6.0000000e+00   1.3055664e-01  -2.9695625e+00
   6.0000000e+00   2.9422656e-01  -4.0706250e+00
   2.0000000e+00   3.2687305e-01  -5.4759375e+00
   6.0000000e+00   2.7893359e-01  -4.1188125e+00
   2.0000000e+00   2.0184766e-01  -3.3630625e+00
   2.0000000e+00   3.2619922e-01  -5.0000625e+00
   6.0000000e+00   2.5000000e-01  -4.6246250e+00
   2.0000000e+00   3.1619727e-01  -6.3761875e+00
   2.0000000e+00   3.1189453e-01  -5.0016250e+00
   2.0000000e+00   3.2946484e-01  -5.1068125e+00
   2.0000000e+00   3.0473828e-01  -5.8505000e+00
   6.0000000e+00   2.4992773e-01  -4.1205000e+00
   2.0000000e+00   2.8028516e-01  -4.8588750e+00
   2.0000000e+00   2.9222070e-01  -5.4327500e+00
   2.0000000e+00   2.3249414e-01  -3.9426875e+00
   2.0000000e+00   2.6087305e-01  -4.1783125e+00
   2.0000000e+00   3.4523242e-01  -6.0618750e+00
   2.0000000e+00   3.3458398e-01  -5.7681250e+00
   6.0000000e+00   2.3971289e-01  -2.3139375e+00
   6.0000000e+00   1.5878516e-01  -3.4072500e+00
   2.0000000e+00   3.8610742e-01  -6.1371875e+00
   6.0000000e+00   2.0848828e-01  -4.2624375e+00
   6.0000000e+00   1.9512891e-01  -2.7455625e+00
   6.0000000e+00   2.4230469e-01  -3.8812500e+00
   6.0000000e+00   2.0780078e-01  -3.6144375e+00
   6.0000000e+00   3.8570117e-01  -6.1624375e+00
   6.0000000e+00   2.6369336e-01  -3.4615625e+00
   6.0000000e+00   1.9176563e-01  -3.5966250e+00
   6.0000000e+00   2.0479688e-01  -3.6572500e+00
   6.0000000e+00   2.1351367e-01  -4.0935625e+00
   2.0000000e+00   2.4331641e-01  -4.9111875e+00
   6.0000000e+00   2.7233203e-01  -4.8715625e+00
   6.0000000e+00   2.7134375e-01  -5.1558750e+00
   6.0000000e+00   4.9560547e-01  -4.8760000e+00
   6.0000000e+00   4.6247266e-01  -6.5006875e+00
   6.0000000e+00   1.9136719e-01  -3.8434375e+00
   2.0000000e+00   2.2683203e-01  -4.1194375e+00
   6.0000000e+00   2.9970312e-01  -5.0438750e+00
   6.0000000e+00   2.9831055e-01  -5.1241875e+00
   2.0000000e+00   3.5151367e-01  -5.6770625e+00
   6.0000000e+00   2.8662109e-01  -4.4892500e+00
   2.0000000e+00   2.0374609e-01  -3.9115625e+00
   6.0000000e+00   3.4935352e-01  -5.6198125e+00
   6.0000000e+00   2.0848437e-01  -3.6273125e+00
   2.0000000e+00   3.4056836e-01  -6.3991250e+00
   2.0000000e+00   1.4449023e-01  -3.1703750e+00
   2.0000000e+00   3.2004297e-01  -4.8647500e+00
   6.0000000e+00   2.0121875e-01  -4.0243125e+00
   6.0000000e+00   1.4899805e-01  -3.1777500e+00
   6.0000000e+00   2.3904492e-01  -4.1831875e+00
   2.0000000e+00   3.7266602e-01  -5.2381875e+00
   6.0000000e+00   2.9427539e-01  -5.2129375e+00
   2.0000000e+00   2.5951563e-01  -3.7545625e+00
   6.0000000e+00   2.5907031e-01  -4.1967500e+00
   6.0000000e+00   2.4218555e-01  -4.0425625e+00
   2.0000000e+00   2.5950391e-01  -5.1043750e+00
   2.0000000e+00   2.9525000e-01  -4.5777500e+00
   2.0000000e+00   1.8617969e-01  -3.2291875e+00
   6.0000000e+00   3.3318164e-01  -5.2592500e+00
   6.0000000e+00   3.0161523e-01  -4.6424375e+00
   6.0000000e+00   2.5876172e-01  -4.4411875e+00
   6.0000000e+00   3.1580664e-01  -4.4117500e+00
   6.0000000e+00   2.2221094e-01  -3.5665625e+00
   6.0000000e+00   1.7070703e-01  -2.7125625e+00
   2.0000000e+00   1.7439063e-01  -3.1875000e+00
   2.0000000e+00   1.9478711e-01  -3.9204375e+00
   2.0000000e+00   3.8851953e-01  -5.6038125e+00
   2.0000000e+00   4.1884180e-01  -5.4668750e+00
   2.0000000e+00   4.1641016e-01  -4.6790000e+00
   2.0000000e+00   2.0263086e-01  -3.3048750e+00
   2.0000000e+00   3.0674414e-01  -6.0086875e+00
   6.0000000e+00   3.4091016e-01  -6.2942500e+00
   6.0000000e+00   3.0637695e-01  -5.4190000e+00
   6.0000000e+00   2.8838281e-01  -3.5944375e+00
   6.0000000e+00   3.3039063e-01  -4.8437500e+00
   2.0000000e+00   3.8054102e-01  -4.1963750e+00
   6.0000000e+00   1.2201367e-01  -2.4213125e+00
   6.0000000e+00   1.2792188e-01  -2.7212500e+00
   6.0000000e+00   2.4037891e-01  -4.7795625e+00
   6.0000000e+00   2.7083008e-01  -5.2920000e+00
   2.0000000e+00   3.2592969e-01  -5.5552500e+00
   2.0000000e+00   4.1155273e-01  -6.8126875e+00
   6.0000000e+00   2.8100586e-01  -4.2859375e+00
   2.0000000e+00   2.4235156e-01  -4.3270625e+00
   2.0000000e+00   3.2580078e-01  -5.3420000e+00
   6.0000000e+00   2.3928711e-01  -4.1240000e+00
   2.0000000e+00   3.5743750e-01  -5.5591250e+00
   6.0000000e+00   1.9247070e-01  -2.7833750e+00
   6.0000000e+00   2.3286914e-01  -5.2669375e+00
   6.0000000e+00   2.9061914e-01  -4.0594375e+00
   2.0000000e+00   3.1873438e-01  -5.0453750e+00
   2.0000000e+00   2.2789648e-01  -4.3977500e+00
   6.0000000e+00   1.9408398e-01  -3.9269375e+00
   2.0000000e+00   2.3656055e-01  -4.7846875e+00
   2.0000000e+00   3.0200000e-01  -6.1712500e+00
   6.0000000e+00   2.6412695e-01  -4.2101875e+00
   2.0000000e+00   3.5835547e-01  -6.3311875e+00
   6.0000000e+00   2.1005664e-01  -3.9726250e+00
   2.0000000e+00   2.6091406e-01  -5.3068750e+00
   2.0000000e+00   1.7083203e-01  -4.0699375e+00
   6.0000000e+00   1.6924805e-01  -2.9063750e+00
   2.0000000e+00   1.8941211e-01  -4.6153750e+00
   2.0000000e+00   2.4383789e-01  -4.4216250e+00
   6.0000000e+00   2.0646875e-01  -2.1166875e+00
   6.0000000e+00   2.0067773e-01  -3.5681250e+00
   6.0000000e+00   1.5938086e-01  -2.6197500e+00
   2.0000000e+00   3.0045117e-01  -5.4350000e+00
   6.0000000e+00   1.3369531e-01  -2.6811875e+00
   6.0000000e+00   3.2763281e-01  -5.3878750e+00
   6.0000000e+00   3.2768359e-01  -4.3649375e+00
   6.0000000e+00   3.1093164e-01  -4.0750000e+00
   6.0000000e+00   2.7546094e-01  -3.8045625e+00
   6.0000000e+00   1.3558008e-01  -2.7353125e+00
   6.0000000e+00   1.3674414e-01  -2.6331875e+00
   6.0000000e+00   1.7536328e-01  -2.5829375e+00
   6.0000000e+00   1.7499414e-01  -3.1650625e+00
   2.0000000e+00   1.3873633e-01  -2.1679375e+00
   6.0000000e+00   3.7183789e-01  -5.4435625e+00
   6.0000000e+00   2.6227930e-01  -3.6535625e+00
   6.0000000e+00   2.2428320e-01  -4.2979375e+00
   6.0000000e+00   2.6228711e-01  -4.8403750e+00
   6.0000000e+00   2.6307031e-01  -5.0296250e+00
   6.0000000e+00   1.8622852e-01  -3.6644375e+00
   6.0000000e+00   2.4138477e-01  -4.2806250e+00
   6.0000000e+00   1.8686914e-01  -3.6203750e+00
   6.0000000e+00   2.1102148e-01  -3.9186250e+00
   2.0000000e+00   2.4426367e-01  -5.4660000e+00
   6.0000000e+00   1.9193555e-01  -3.7229375e+00
   6.0000000e+00   2.1610352e-01  -3.9500625e+00
   2.0000000e+00   9.9441406e-02  -2.0795000e+00
   6.0000000e+00   1.4177930e-01  -3.0480625e+00
   6.0000000e+00   1.4555078e-01  -2.8571875e+00
   6.0000000e+00   3.8156445e-01  -5.0653125e+00
   6.0000000e+00   1.9796289e-01  -3.3866875e+00
   6.0000000e+00   2.4112500e-01  -4.6085000e+00
   2.0000000e+00   1.8944727e-01  -4.2710000e+00
   6.0000000e+00   1.5921289e-01  -3.5070000e+00
   6.0000000e+00   3.3741797e-01  -4.1974375e+00
   6.0000000e+00   3.8328516e-01  -4.6217500e+00
   6.0000000e+00   2.4904492e-01  -3.7352500e+00
   2.0000000e+00   2.0151562e-01  -4.4010000e+00
   6.0000000e+00   2.9635937e-01  -5.1697500e+00
   6.0000000e+00   2.0030078e-01  -2.8473750e+00
   2.0000000e+00   3.2290820e-01  -6.2829375e+00
   6.0000000e+00   3.1775977e-01  -6.0183125e+00
   6.0000000e+00   2.2721484e-01  -3.4686875e+00
   6.0000000e+00   2.7606055e-01  -4.3852500e+00
   6.0000000e+00   3.2179492e-01  -5.0323750e+00
   2.0000000e+00   2.3021875e-01  -4.9597500e+00
   2.0000000e+00   2.4755859e-01  -4.6728750e+00
   6.0000000e+00   2.7463477e-01  -4.7225625e+00
   2.0000000e+00   3.1121484e-01  -5.3504375e+00
   2.0000000e+00   2.7235742e-01  -4.1454375e+00
   6.0000000e+00   2.4032227e-01  -2.5743125e+00
   6.0000000e+00   2.9904102e-01  -4.7209375e+00
   6.0000000e+00   2.2859766e-01  -4.4310625e+00
   6.0000000e+00   2.8493359e-01  -4.7819375e+00
   6.0000000e+00   2.3117969e-01  -3.9988750e+00
   6.0000000e+00   2.6120508e-01  -4.3838750e+00
   2.0000000e+00   3.1517969e-01  -4.6723750e+00
   6.0000000e+00   2.6059570e-01  -4.3708125e+00
   6.0000000e+00   1.8442383e-01  -2.9537500e+00
   2.0000000e+00   3.5369141e-01  -5.0035000e+00
   2.0000000e+00   3.4079687e-01  -4.7308125e+00
   6.0000000e+00   2.0431445e-01  -3.2153750e+00
   2.0000000e+00   2.8069141e-01  -5.3175625e+00
   6.0000000e+00   1.9443750e-01  -2.5219375e+00
   2.0000000e+00   3.3494336e-01  -6.0705625e+00
   2.0000000e+00   1.7751758e-01  -3.8049375e+00
   6.0000000e+00   2.8550391e-01  -5.3475000e+00
   6.0000000e+00   1.8749609e-01  -3.3806875e+00
   2.0000000e+00   4.8474609e-01  -6.6741250e+00
   2.0000000e+00   3.1896094e-01  -5.0758125e+00
   2.0000000e+00   4.2489258e-01  -5.3670000e+00
   6.0000000e+00   2.7007617e-01  -3.8908125e+00
   2.0000000e+00   2.8961328e-01  -5.0679375e+00
   6.0000000e+00   2.5576563e-01  -4.5810625e+00
   6.0000000e+00   3.7045117e-01  -4.9888125e+00
   6.0000000e+00   1.9125781e-01  -3.5328750e+00
   2.0000000e+00   2.0986914e-01  -3.2826250e+00
   6.0000000e+00   1.5580078e-01  -2.8648125e+00
   2.0000000e+00   2.9611914e-01  -4.7405000e+00
   6.0000000e+00   2.6342773e-01  -5.2706875e+00
   2.0000000e+00   2.2431836e-01  -4.4473125e+00
   6.0000000e+00   2.3411719e-01  -4.7323750e+00
   2.0000000e+00   2.3323438e-01  -4.7850000e+00
   2.0000000e+00   2.8777148e-01  -3.8546875e+00
   6.0000000e+00   2.1206641e-01  -3.2127500e+00
   2.0000000e+00   2.2549609e-01  -5.0971250e+00
   6.0000000e+00   1.4313281e-01  -2.5671875e+00
   2.0000000e+00   2.3999023e-01  -4.5229375e+00
   6.0000000e+00   2.3705078e-01  -3.4317500e+00
   2.0000000e+00   3.3577344e-01  -4.9798125e+00
   2.0000000e+00   3.6389453e-01  -4.4950625e+00
   2.0000000e+00   2.9553906e-01  -3.6444375e+00
   2.0000000e+00   2.5910937e-01  -4.9125000e+00
   2.0000000e+00   1.9036914e-01  -4.2098750e+00
   2.0000000e+00   1.6502344e-01  -2.9746875e+00
   2.0000000e+00   2.7081641e-01  -5.5245000e+00
   2.0000000e+00   2.8028516e-01  -4.5470000e+00
   6.0000000e+00   1.9202930e-01  -3.2742500e+00
   2.0000000e+00   1.5526172e-01  -3.1831875e+00
   2.0000000e+00   2.2856250e-01  -4.7426250e+00
   2.0000000e+00   3.1305664e-01  -5.7598125e+00
   6.0000000e+00   2.4690430e-01  -4.0656875e+00
   2.0000000e+00   2.7074414e-01  -3.8452500e+00
   6.0000000e+00   2.6807813e-01  -5.1476875e+00
   2.0000000e+00   1.8848047e-01  -3.5241875e+00
   2.0000000e+00   2.3993359e-01  -3.5594375e+00
   6.0000000e+00   2.8873242e-01  -5.3585625e+00
   6.0000000e+00   2.2346289e-01  -3.6977500e+00
   2.0000000e+00   3.2173438e-01  -3.9305000e+00
   6.0000000e+00   2.7311133e-01  -4.7961250e+00
   2.0000000e+00   2.4639844e-01  -4.5955625e+00
   6.0000000e+00   1.5916406e-01  -3.2581875e+00
   2.0000000e+00   2.3110156e-01  -3.3612500e+00
   2.0000000e+00   2.3009766e-01  -4.3459375e+00
   2.0000000e+00   3.6611328e-01  -5.1491875e+00
   6.0000000e+00   1.5374414e-01  -2.9886250e+00
   2.0000000e+00   3.8274023e-01  -5.8273750e+00
   2.0000000e+00   1.7215039e-01  -3.6377500e+00
   6.0000000e+00   1.7035938e-01  -3.4815000e+00
   6.0000000e+00   2.5020898e-01  -5.5086875e+00
   6.0000000e+00   3.7479883e-01  -5.3863750e+00
   6.0000000e+00   2.9986719e-01  -4.7735000e+00
   2.0000000e+00   2.7383008e-01  -5.4107500e+00
   2.0000000e+00   3.3000000e-01  -5.3965625e+00
   6.0000000e+00   2.3632617e-01  -4.5579375e+00
   6.0000000e+00   1.7743555e-01  -3.5888750e+00
   6.0000000e+00   2.0583594e-01  -3.8805625e+00
   2.0000000e+00   3.4353320e-01  -5.4168125e+00
   6.0000000e+00   1.4875000e-01  -3.2656875e+00
   2.0000000e+00   2.5443750e-01  -4.0948750e+00
   6.0000000e+00   2.9453516e-01  -5.3086875e+00
   2.0000000e+00   2.4917187e-01  -4.7546875e+00
   6.0000000e+00   1.7205664e-01  -3.2275000e+00
   2.0000000e+00   2.2132813e-01  -4.7376250e+00
   2.0000000e+00   3.8236328e-01  -5.1270625e+00
   6.0000000e+00   2.0431055e-01  -3.3575625e+00
   6.0000000e+00   1.4473438e-01  -2.6431875e+00
   6.0000000e+00   1.7999805e-01  -3.1883750e+00
   2.0000000e+00   1.5141602e-01  -3.1495000e+00
   6.0000000e+00   2.1411133e-01  -4.5116250e+00
   6.0000000e+00   1.7485547e-01  -4.1879375e+00
   2.0000000e+00   3.5045508e-01  -5.5129375e+00
   6.0000000e+00   1.9777344e-01  -3.8985625e+00
   2.0000000e+00   1.1356445e-01  -1.7078750e+00
   6.0000000e+00   2.7263477e-01  -4.8355625e+00
   2.0000000e+00   2.8158594e-01  -4.8255000e+00
   2.0000000e+00   2.8799609e-01  -4.1228125e+00
   2.0000000e+00   3.8253711e-01  -4.6403750e+00
   2.0000000e+00   1.5877148e-01  -2.7178125e+00
   6.0000000e+00   2.9992578e-01  -5.9721875e+00
   2.0000000e+00   1.8411523e-01  -3.1863125e+00
   2.0000000e+00   1.3429297e-01  -3.1672500e+00
   2.0000000e+00   2.5813672e-01  -5.1858125e+00
   6.0000000e+00   2.6198242e-01  -4.4570625e+00
   2.0000000e+00   3.6211133e-01  -5.3803750e+00
   6.0000000e+00   1.6823828e-01  -3.0603125e+00
   2.0000000e+00   1.9598633e-01  -3.6105625e+00
   6.0000000e+00   3.8785547e-01  -6.0408125e+00
   2.0000000e+00   2.8885156e-01  -5.4666250e+00
   6.0000000e+00   2.5989063e-01  -4.4441875e+00
   2.0000000e+00   2.2812891e-01  -3.6428125e+00
   2.0000000e+00   3.1932422e-01  -5.7755000e+00
   6.0000000e+00   2.6415430e-01  -5.2602500e+00
   2.0000000e+00   3.5314844e-01  -5.3280625e+00
   2.0000000e+00   3.5810352e-01  -5.0428125e+00
   2.0000000e+00   3.4525391e-01  -5.8870625e+00
   6.0000000e+00   1.9116797e-01  -3.5370000e+00
   6.0000000e+00   2.2655664e-01  -4.5221250e+00
   6.0000000e+00   2.0908984e-01  -3.9603750e+00
   6.0000000e+00   2.1517578e-01  -4.1356250e+00
   6.0000000e+00   1.8426758e-01  -3.6134375e+00
   2.0000000e+00   3.1505469e-01  -4.7126875e+00
   2.0000000e+00   3.1575195e-01  -5.0146250e+00
   6.0000000e+00   2.6534961e-01  -4.5848750e+00
   2.0000000e+00   2.5590625e-01  -4.9785625e+00
   2.0000000e+00   1.6066602e-01  -3.2477500e+00
   2.0000000e+00   2.6879688e-01  -3.7056875e+00
   6.0000000e+00   2.0772852e-01  -4.1331875e+00
   6.0000000e+00   2.1326367e-01  -4.7577500e+00
   2.0000000e+00   2.3321484e-01  -5.1535625e+00
   2.0000000e+00   2.4242187e-01  -4.7375625e+00
   6.0000000e+00   2.6407422e-01  -4.2630000e+00
   6.0000000e+00   3.2963867e-01  -4.3462500e+00
   2.0000000e+00   1.5169531e-01  -2.5366250e+00
   2.0000000e+00   3.2768555e-01  -5.0791875e+00
   2.0000000e+00   1.9032617e-01  -3.7165000e+00
   2.0000000e+00   3.3830469e-01  -5.4771875e+00
   6.0000000e+00   2.5349023e-01  -4.5400625e+00
   6.0000000e+00   2.8393750e-01  -3.7510000e+00
   2.0000000e+00   2.3816016e-01  -3.1613750e+00
   2.0000000e+00   2.4396680e-01  -3.3909375e+00
   2.0000000e+00   2.5033008e-01  -4.5787500e+00
   2.0000000e+00   2.5346875e-01  -4.8111250e+00
   6.0000000e+00   3.2989453e-01  -5.5407500e+00
   2.0000000e+00   2.8091016e-01  -5.2229375e+00
   6.0000000e+00   2.4245508e-01  -4.3968125e+00
   6.0000000e+00   2.9016016e-01  -4.3633125e+00
   6.0000000e+00   2.3755859e-01  -3.4731250e+00
   2.0000000e+00   3.7686719e-01  -6.1020625e+00
   2.0000000e+00   3.7833398e-01  -4.7169375e+00
   2.0000000e+00   4.0001758e-01  -6.0058750e+00
   6.0000000e+00   3.8863281e-01  -5.3104375e+00
   2.0000000e+00   3.2817578e-01  -4.9977500e+00
   2.0000000e+00   2.4972461e-01  -4.8406250e+00
   6.0000000e+00   2.4222656e-01  -5.4225625e+00
   2.0000000e+00   1.9108789e-01  -4.1333750e+00
   2.0000000e+00   2.5584961e-01  -3.3073125e+00
   2.0000000e+00   2.1626758e-01  -3.0046875e+00
   2.0000000e+00   2.4691016e-01  -4.2561875e+00
   6.0000000e+00   2.1442773e-01  -3.6674375e+00
   2.0000000e+00   2.7854297e-01  -5.9966875e+00
   2.0000000e+00   2.1939258e-01  -4.7096875e+00
   2.0000000e+00   2.9558789e-01  -5.2064375e+00
   6.0000000e+00   3.1078125e-01  -6.1899375e+00
   2.0000000e+00   3.6405469e-01  -5.5066250e+00
   2.0000000e+00   3.2339258e-01  -4.3126250e+00
   6.0000000e+00   2.2908008e-01  -3.7183750e+00
   6.0000000e+00   2.2781055e-01  -4.3150625e+00
   6.0000000e+00   2.5176172e-01  -4.0845000e+00
   6.0000000e+00   2.8462695e-01  -4.9796875e+00
   2.0000000e+00   1.8537695e-01  -3.6905000e+00
   2.0000000e+00   2.4902539e-01  -4.4651875e+00
   2.0000000e+00   3.1235938e-01  -3.7286250e+00
   2.0000000e+00   3.1249219e-01  -4.5206875e+00
   2.0000000e+00   2.8220898e-01  -5.4110000e+00
   2.0000000e+00   3.4674219e-01  -6.1005625e+00
   2.0000000e+00   2.5249414e-01  -4.8134375e+00
   6.0000000e+00   3.2765625e-01  -6.1134375e+00
   6.0000000e+00   2.8731836e-01  -4.7412500e+00
   2.0000000e+00   1.5475781e-01  -3.4541250e+00
   6.0000000e+00   2.0834961e-01  -4.2320625e+00
   2.0000000e+00   3.0721289e-01  -5.2658750e+00
   2.0000000e+00   2.2701367e-01  -3.6714375e+00
   2.0000000e+00   2.4531250e-01  -4.7945625e+00
   6.0000000e+00   1.7422266e-01  -3.7083125e+00
   2.0000000e+00   2.6214648e-01  -5.4898750e+00
   2.0000000e+00   1.3599414e-01  -3.2916875e+00
   2.0000000e+00   1.3015625e-01  -2.3803125e+00
   2.0000000e+00   2.2891992e-01  -4.0870000e+00
   2.0000000e+00   2.2679297e-01  -4.1190625e+00
   6.0000000e+00   3.0327344e-01  -3.6006875e+00
   6.0000000e+00   3.0727930e-01  -4.8488750e+00
   2.0000000e+00   8.8638672e-02  -1.6873125e+00
   2.0000000e+00   1.8546484e-01  -3.7265625e+00
   6.0000000e+00   2.6654492e-01  -5.1500625e+00
   2.0000000e+00   2.7930469e-01  -4.7763750e+00
   6.0000000e+00   1.2952930e-01  -3.3671250e+00
   6.0000000e+00   2.3221289e-01  -4.4115625e+00
   6.0000000e+00   2.7590625e-01  -3.6958750e+00
   2.0000000e+00   2.1380859e-01  -4.4518750e+00
   6.0000000e+00   3.0420313e-01  -4.8570625e+00
   2.0000000e+00   2.0828516e-01  -3.7783750e+00
   6.0000000e+00   2.1083008e-01  -3.9205000e+00
   6.0000000e+00   1.6150391e-01  -2.4311875e+00
   2.0000000e+00   2.3928711e-01  -4.3355625e+00
   2.0000000e+00   2.6014062e-01  -5.9321875e+00
   6.0000000e+00   2.0247656e-01  -3.7957500e+00
   2.0000000e+00   1.3742773e-01  -2.7043750e+00
   6.0000000e+00   4.4400781e-01  -5.9770625e+00
   6.0000000e+00   2.5951953e-01  -5.1526250e+00
   2.0000000e+00   2.4703516e-01  -4.5748125e+00
   6.0000000e+00   4.2876367e-01  -5.3032500e+00
   6.0000000e+00   1.1790430e-01  -2.1775000e+00
   2.0000000e+00   2.1986328e-01  -4.9395000e+00
   2.0000000e+00   3.0321094e-01  -5.1368125e+00
   2.0000000e+00   2.5118164e-01  -5.1582500e+00
   6.0000000e+00   2.5626172e-01  -5.3840625e+00
   6.0000000e+00   1.9625977e-01  -3.6430625e+00
   6.0000000e+00   1.7764844e-01  -3.2908125e+00
   6.0000000e+00   1.8736719e-01  -2.9378750e+00
   2.0000000e+00   2.9588281e-01  -5.0153125e+00
   6.0000000e+00   1.7168750e-01  -2.1968125e+00
   6.0000000e+00   1.8112891e-01  -2.4008750e+00
   2.0000000e+00   2.5108789e-01  -5.1398125e+00
   6.0000000e+00   1.5217187e-01  -2.6097500e+00
   2.0000000e+00   3.1528320e-01  -4.8872500e+00
   2.0000000e+00   1.8689844e-01  -4.1892500e+00
   6.0000000e+00   1.8863477e-01  -2.9696250e+00
   2.0000000e+00   1.2231250e-01  -2.6868750e+00
   2.0000000e+00   3.6935156e-01  -4.7301875e+00
   6.0000000e+00   2.6146289e-01  -3.5351250e+00
   2.0000000e+00   2.3406836e-01  -3.3168750e+00
   2.0000000e+00   4.0715039e-01  -4.4429375e+00
   2.0000000e+00   3.6196094e-01  -4.7960000e+00
   6.0000000e+00   2.0898242e-01  -4.4393750e+00
   2.0000000e+00   2.4729492e-01  -4.1867500e+00
   6.0000000e+00   2.6378125e-01  -4.7133750e+00
   2.0000000e+00   2.6040039e-01  -4.4934375e+00
   6.0000000e+00   2.3567187e-01  -4.2323125e+00
   2.0000000e+00   2.5937695e-01  -3.4583125e+00
   2.0000000e+00   2.1744336e-01  -4.2098750e+00
   2.0000000e+00   2.6240039e-01  -4.5095625e+00
   6.0000000e+00   2.6649414e-01  -2.3238750e+00
   2.0000000e+00   3.3195117e-01  -4.2901250e+00
   6.0000000e+00   2.8462305e-01  -4.1358750e+00
   2.0000000e+00   3.4316211e-01  -5.1137500e+00
   6.0000000e+00   2.3976953e-01  -3.0374375e+00
   6.0000000e+00   2.8156250e-01  -5.0068750e+00
   6.0000000e+00   3.4183008e-01  -6.1061875e+00
   6.0000000e+00   4.3492188e-01  -5.8491875e+00
   2.0000000e+00   3.0218750e-01  -4.1948125e+00
   2.0000000e+00   2.8017773e-01  -4.6630625e+00
   6.0000000e+00   2.3149414e-01  -3.7112500e+00
   6.0000000e+00   1.9496289e-01  -3.4786875e+00
   6.0000000e+00   1.8332617e-01  -3.5046875e+00
   6.0000000e+00   2.5603906e-01  -5.0956875e+00
   6.0000000e+00   2.3721094e-01  -4.3766875e+00
   2.0000000e+00   1.9176953e-01  -3.3003750e+00
   6.0000000e+00   4.2140430e-01  -5.8212500e+00
   6.0000000e+00   1.3715430e-01  -3.1536875e+00
   6.0000000e+00   1.6753516e-01  -3.4963750e+00
   2.0000000e+00   1.8700586e-01  -3.9688750e+00
   2.0000000e+00   3.3394141e-01  -5.1305000e+00
   6.0000000e+00   3.1609570e-01  -4.7333750e+00
   6.0000000e+00   3.2231250e-01  -4.3729375e+00
   6.0000000e+00   2.4029297e-01  -3.9731875e+00
   2.0000000e+00   2.0199219e-01  -4.3338125e+00
   6.0000000e+00   2.0357812e-01  -4.1318750e+00
   2.0000000e+00   3.5603320e-01  -4.8226875e+00
   6.0000000e+00   3.8450000e-01  -6.7055000e+00
   2.0000000e+00   2.6353125e-01  -5.2593125e+00
   2.0000000e+00   2.5404492e-01  -4.9859375e+00
   6.0000000e+00   1.6818945e-01  -3.3835000e+00
   6.0000000e+00   2.2876367e-01  -4.0488125e+00
   2.0000000e+00   3.0193750e-01  -5.1958750e+00
   2.0000000e+00   2.2598828e-01  -4.0158125e+00
   6.0000000e+00   3.7111523e-01  -5.2478750e+00
   6.0000000e+00   2.9886328e-01  -4.5400625e+00
   2.0000000e+00   1.9266211e-01  -3.5565625e+00
   2.0000000e+00   3.5314648e-01  -5.0981250e+00
   2.0000000e+00   2.9303711e-01  -5.9831875e+00
   6.0000000e+00   2.4101172e-01  -4.3060000e+00
   6.0000000e+00   2.1640234e-01  -3.2531875e+00
   2.0000000e+00   3.0941602e-01  -4.4691250e+00
   6.0000000e+00   1.7535547e-01  -2.8948125e+00
   2.0000000e+00   3.5025195e-01  -5.4346875e+00
   2.0000000e+00   1.7841406e-01  -3.1833125e+00
   2.0000000e+00   3.2103516e-01  -4.3830625e+00
   2.0000000e+00   3.1308203e-01  -6.5335625e+00
   2.0000000e+00   2.5690820e-01  -4.6187500e+00
   6.0000000e+00   1.9968945e-01  -4.0008125e+00
   6.0000000e+00   2.4900586e-01  -5.3428125e+00
   6.0000000e+00   3.0044727e-01  -3.9584375e+00
   2.0000000e+00   3.1373047e-01  -4.5258750e+00
   2.0000000e+00   1.0522656e-01  -1.8667500e+00
   6.0000000e+00   3.9750977e-01  -6.3005625e+00
   6.0000000e+00   2.9013086e-01  -5.3005625e+00
   2.0000000e+00   2.4534766e-01  -4.2472500e+00
   2.0000000e+00   1.9892578e-01  -2.9333750e+00
   2.0000000e+00   2.9341211e-01  -5.0375625e+00
   6.0000000e+00   3.5803711e-01  -4.8272500e+00
   6.0000000e+00   3.1093750e-01  -4.4159375e+00
   6.0000000e+00   1.8674414e-01  -3.1843125e+00
   6.0000000e+00   1.9158008e-01  -3.4986875e+00
   2.0000000e+00   1.4224023e-01  -3.3098125e+00
   6.0000000e+00   2.2756836e-01  -4.4533125e+00
   2.0000000e+00   2.8376367e-01  -5.6323750e+00
   6.0000000e+00   3.1170117e-01  -5.8093750e+00
   2.0000000e+00   3.7445117e-01  -4.3005625e+00
   6.0000000e+00   3.9331055e-01  -4.9778750e+00
   2.0000000e+00   3.1049414e-01  -5.8270625e+00
   6.0000000e+00   4.3487500e-01  -4.5601250e+00
   6.0000000e+00   3.2683789e-01  -6.4313125e+00
   6.0000000e+00   2.5697852e-01  -3.6051250e+00
   6.0000000e+00   2.9839258e-01  -3.6773125e+00
   6.0000000e+00   2.0086914e-01  -3.3172500e+00
   6.0000000e+00   1.9551367e-01  -3.2100625e+00
   2.0000000e+00   2.3560938e-01  -4.2560625e+00
   6.0000000e+00   2.3934570e-01  -4.0664375e+00
   6.0000000e+00   4.2033008e-01  -5.5028750e+00
   6.0000000e+00   3.6908789e-01  -5.0501875e+00
   2.0000000e+00   4.0345508e-01  -5.1710625e+00
   2.0000000e+00   2.6571680e-01  -4.5379375e+00
   6.0000000e+00   2.5655664e-01  -5.4074375e+00
   2.0000000e+00   2.4109766e-01  -4.7700625e+00
   6.0000000e+00   2.9278125e-01  -3.8043125e+00
   6.0000000e+00   2.2444141e-01  -3.7030625e+00
   6.0000000e+00   1.9939453e-01  -4.5480000e+00
   6.0000000e+00   1.6262695e-01  -3.0971250e+00
   6.0000000e+00   1.5764063e-01  -3.1758750e+00
   6.0000000e+00   2.1278125e-01  -4.3166875e+00
   6.0000000e+00   2.5874023e-01  -3.8271875e+00
   2.0000000e+00   2.1969531e-01  -5.0075000e+00
   2.0000000e+00   2.7729492e-01  -5.7964375e+00
   2.0000000e+00   3.0561719e-01  -4.2335000e+00
   2.0000000e+00   2.9319922e-01  -4.9666875e+00
   2.0000000e+00   1.9292188e-01  -4.2135000e+00
   2.0000000e+00   1.6263281e-01  -4.2142500e+00
   2.0000000e+00   2.4239453e-01  -3.6838750e+00
   6.0000000e+00   3.4544727e-01  -5.5287500e+00
   2.0000000e+00   1.6492383e-01  -2.9089375e+00
   2.0000000e+00   1.9742383e-01  -3.0583750e+00
   2.0000000e+00   3.2304297e-01  -5.7953125e+00
   2.0000000e+00   2.3500977e-01  -4.5056875e+00
   2.0000000e+00   2.2179883e-01  -4.3111250e+00
   2.0000000e+00   3.3344922e-01  -4.6826875e+00
   2.0000000e+00   2.7213672e-01  -4.6513750e+00
   2.0000000e+00   2.8000586e-01  -5.0475000e+00
   2.0000000e+00   2.4602148e-01  -5.0897500e+00
   6.0000000e+00   2.7078320e-01  -5.3389375e+00
   2.0000000e+00   3.4460547e-01  -4.7831250e+00
   2.0000000e+00   2.0388867e-01  -4.0078125e+00
   2.0000000e+00   2.3042383e-01  -4.1130625e+00
   2.0000000e+00   1.9194727e-01  -3.5285000e+00
   2.0000000e+00   1.9922070e-01  -4.4156250e+00
   2.0000000e+00   1.9694531e-01  -3.9195625e+00
   2.0000000e+00   2.8355469e-01  -4.5768125e+00
   2.0000000e+00   2.6418750e-01  -4.3831875e+00
   2.0000000e+00   3.5918359e-01  -5.1776250e+00
   2.0000000e+00   2.0975977e-01  -3.1536250e+00
   2.0000000e+00   2.9563281e-01  -5.2989375e+00
   2.0000000e+00   2.7587695e-01  -3.5220625e+00
   2.0000000e+00   2.2634375e-01  -4.1656875e+00
   2.0000000e+00   2.3654492e-01  -4.4951250e+00
   2.0000000e+00   3.1331641e-01  -3.9036875e+00
   6.0000000e+00   3.5224805e-01  -6.4756875e+00
   2.0000000e+00   2.4048633e-01  -3.7476250e+00
   2.0000000e+00   3.2211914e-01  -4.3266250e+00
   2.0000000e+00   3.1715625e-01  -4.7206875e+00
   2.0000000e+00   3.3679883e-01  -3.4530625e+00
   2.0000000e+00   3.0251172e-01  -3.3386875e+00
   2.0000000e+00   3.9397461e-01  -3.8175000e+00
   6.0000000e+00   2.8278711e-01  -4.7180000e+00
   6.0000000e+00   2.6830078e-01  -4.0252500e+00
   2.0000000e+00   2.5571094e-01  -4.7126250e+00
   2.0000000e+00   3.2649414e-01  -4.8268125e+00
   6.0000000e+00   3.1943359e-01  -2.8864375e+00
   2.0000000e+00   3.0823633e-01  -5.5813750e+00
   2.0000000e+00   2.6426953e-01  -3.7528125e+00
   2.0000000e+00   2.2072852e-01  -3.8390000e+00
   2.0000000e+00   2.2940039e-01  -3.3718750e+00
   2.0000000e+00   3.4047852e-01  -4.4802500e+00
   2.0000000e+00   3.9775781e-01  -5.4693125e+00
   2.0000000e+00   1.8567578e-01  -3.1963750e+00
   6.0000000e+00   2.9039648e-01  -5.8028125e+00
   6.0000000e+00   3.9713867e-01  -5.9639375e+00
   2.0000000e+00   4.0342578e-01  -6.3481250e+00
   2.0000000e+00   1.1514062e-01  -2.0798750e+00
   6.0000000e+00   1.9082227e-01  -4.2091875e+00
   6.0000000e+00   2.0890430e-01  -4.3419375e+00
   6.0000000e+00   2.0897656e-01  -5.0247500e+00
   6.0000000e+00   2.0699023e-01  -4.0103125e+00
   6.0000000e+00   2.0453516e-01  -4.0585000e+00
   2.0000000e+00   2.7491992e-01  -5.1063125e+00
   2.0000000e+00   3.4011523e-01  -4.4020625e+00
   2.0000000e+00   1.9501367e-01  -2.6203125e+00
   2.0000000e+00   3.2593750e-01  -5.6773125e+00
   2.0000000e+00   2.5251953e-01  -4.5294375e+00
   2.0000000e+00   2.4896289e-01  -5.6844375e+00
   2.0000000e+00   3.5208398e-01  -2.5773125e+00
   2.0000000e+00   4.7109961e-01  -4.5661250e+00
   2.0000000e+00   3.2918945e-01  -4.7363750e+00
   2.0000000e+00   2.4475781e-01  -5.2358750e+00
   6.0000000e+00   2.6362891e-01  -5.6733125e+00
   6.0000000e+00   2.1373242e-01  -4.1996875e+00
   6.0000000e+00   2.3918164e-01  -4.5457500e+00
   6.0000000e+00   3.3097266e-01  -4.5104375e+00
   2.0000000e+00   2.4900000e-01  -3.5843125e+00
   2.0000000e+00   3.4269922e-01  -4.2582500e+00
   2.0000000e+00   3.0334375e-01  -5.1738750e+00
   2.0000000e+00   2.7080273e-01  -4.5884375e+00
   2.0000000e+00   2.6147070e-01  -4.7341875e+00
   2.0000000e+00   2.8152734e-01  -5.4225000e+00
   6.0000000e+00   2.5359766e-01  -4.1344375e+00
   6.0000000e+00   4.7638086e-01  -5.2835625e+00
   2.0000000e+00   2.5427930e-01  -4.8716875e+00
   6.0000000e+00   1.5552930e-01  -2.6550000e+00
   6.0000000e+00   2.0973633e-01  -4.0388750e+00
   6.0000000e+00   2.2877148e-01  -3.5505625e+00
   6.0000000e+00   3.7748242e-01  -5.4595000e+00
   6.0000000e+00   3.0562500e-01  -5.8485000e+00
   2.0000000e+00   4.3359375e-01  -3.0754375e+00
   6.0000000e+00   2.6438477e-01  -4.9513125e+00
   6.0000000e+00   2.9331641e-01  -4.4920625e+00
   2.0000000e+00   3.8183594e-01  -4.8131250e+00
   6.0000000e+00   2.2305664e-01  -3.5366875e+00
   2.0000000e+00   3.2441602e-01  -5.6034375e+00
   6.0000000e+00   3.8578516e-01  -5.4433125e+00
   6.0000000e+00   2.3917187e-01  -5.2228750e+00
   6.0000000e+00   1.9100977e-01  -3.7293750e+00
   6.0000000e+00   3.0858789e-01  -4.6870000e+00
   2.0000000e+00   3.0524609e-01  -3.7535625e+00
   6.0000000e+00   2.6789844e-01  -4.5989375e+00
   2.0000000e+00   2.0672852e-01  -4.3491250e+00
   2.0000000e+00   1.8959375e-01  -3.4776250e+00
   6.0000000e+00   1.1754102e-01  -2.3025625e+00
   6.0000000e+00   2.2719727e-01  -4.9126875e+00
   6.0000000e+00   1.3848047e-01  -2.4273125e+00
   2.0000000e+00   3.4484180e-01  -4.1620625e+00
   2.0000000e+00   1.9666016e-01  -2.7878125e+00
   2.0000000e+00   2.3275000e-01  -3.6356875e+00
   2.0000000e+00   4.3109570e-01  -3.0286875e+00
   6.0000000e+00   3.9603125e-01  -4.3060000e+00
   6.0000000e+00   3.4011914e-01  -4.5866250e+00
   6.0000000e+00   2.9912695e-01  -3.8348750e+00
   6.0000000e+00   2.7871484e-01  -4.2055625e+00
   2.0000000e+00   3.0914844e-01  -5.6381250e+00
   2.0000000e+00   1.8744141e-01  -4.0124375e+00
   2.0000000e+00   1.9954297e-01  -4.1919375e+00
   2.0000000e+00   2.5959375e-01  -4.4963125e+00
   2.0000000e+00   2.9066602e-01  -5.2228125e+00
   6.0000000e+00   3.7595117e-01  -6.8456250e+00
   6.0000000e+00   3.5535352e-01  -5.9386875e+00
   2.0000000e+00   1.6261914e-01  -3.7003750e+00
   2.0000000e+00   2.9131055e-01  -5.1480000e+00
   2.0000000e+00   5.6246484e-01  -4.2535625e+00
   2.0000000e+00   2.5485742e-01  -3.5446250e+00
   6.0000000e+00   3.0757422e-01  -4.0772500e+00
   6.0000000e+00   2.3122266e-01  -3.4807500e+00
   2.0000000e+00   1.6104883e-01  -3.3306250e+00
   2.0000000e+00   4.6820312e-02  -9.5868750e-01
   2.0000000e+00   6.7253906e-02  -1.4940625e+00
   2.0000000e+00   2.2654297e-01  -4.5641875e+00
   2.0000000e+00   2.8054102e-01  -4.7437500e+00
   2.0000000e+00   2.9606055e-01  -4.3289375e+00
   2.0000000e+00   2.7980664e-01  -4.7280625e+00
   2.0000000e+00   3.7046094e-01  -5.1662500e+00
   2.0000000e+00   3.6050586e-01  -5.1392500e+00
   2.0000000e+00   2.1078516e-01  -3.5097500e+00
   2.0000000e+00   1.7895703e-01  -3.9343750e+00
   6.0000000e+00   3.0176563e-01  -5.1461875e+00
   6.0000000e+00   3.0509570e-01  -3.9534375e+00
   2.0000000e+00   2.6287891e-01  -5.3863750e+00
   2.0000000e+00   4.1386719e-01  -5.3438125e+00
   6.0000000e+00   3.2823438e-01  -4.7091250e+00
   6.0000000e+00   3.0285156e-01  -5.0973125e+00
   2.0000000e+00   2.5487305e-01  -4.2666250e+00
   2.0000000e+00   3.0711719e-01  -6.2512500e+00
   6.0000000e+00   1.2105859e-01  -2.5276250e+00
   6.0000000e+00   2.5178320e-01  -5.5881875e+00
   2.0000000e+00   2.6615234e-01  -6.0169375e+00
   2.0000000e+00   2.1031055e-01  -4.0326875e+00
   2.0000000e+00   1.3278320e-01  -2.8037500e+00
   2.0000000e+00   2.0666406e-01  -3.6920625e+00
   2.0000000e+00   2.4755078e-01  -4.4760000e+00
   2.0000000e+00   2.4484180e-01  -3.6040625e+00
   2.0000000e+00   2.2137305e-01  -4.4660625e+00
   2.0000000e+00   1.6068945e-01  -2.8523125e+00
   2.0000000e+00   1.4626172e-01  -2.7987500e+00
   6.0000000e+00   2.8070312e-01  -4.0356875e+00
   6.0000000e+00   2.2875781e-01  -3.6044375e+00
   2.0000000e+00   3.8603711e-01  -5.7089375e+00
   2.0000000e+00   3.6771484e-01  -4.0428750e+00
   6.0000000e+00   2.2660742e-01  -3.9892500e+00
   2.0000000e+00   4.2561328e-01  -5.0830625e+00
   6.0000000e+00   3.6618555e-01  -6.7600000e+00
   2.0000000e+00   2.5457422e-01  -4.7360625e+00
   6.0000000e+00   2.8746484e-01  -4.5245625e+00
   2.0000000e+00   4.0423828e-01  -5.0844375e+00
   6.0000000e+00   2.8910742e-01  -3.9309375e+00
   2.0000000e+00   2.3528906e-01  -5.5748125e+00
   6.0000000e+00   2.0044727e-01  -3.7162500e+00
   6.0000000e+00   1.8832617e-01  -3.4890000e+00
   6.0000000e+00   1.8031055e-01  -3.4472500e+00
   2.0000000e+00   2.3816602e-01  -3.4248750e+00
   2.0000000e+00   2.2977344e-01  -4.4590000e+00
   2.0000000e+00   2.2573437e-01  -5.1725625e+00
   2.0000000e+00   2.4811523e-01  -4.3851250e+00
   6.0000000e+00   1.7847266e-01  -3.3421875e+00
   6.0000000e+00   1.2914453e-01  -2.9133125e+00
   2.0000000e+00   1.9322656e-01  -3.9486250e+00
   6.0000000e+00   1.3036719e-01  -2.7336875e+00
   6.0000000e+00   4.5102930e-01  -4.1068750e+00
   6.0000000e+00   1.7609570e-01  -3.3080625e+00
   6.0000000e+00   2.2874609e-01  -4.1489375e+00
   2.0000000e+00   2.5514844e-01  -3.4875000e+00
   2.0000000e+00   3.3202344e-01  -4.4995625e+00
   2.0000000e+00   4.3722656e-01  -4.2793750e+00
   2.0000000e+00   3.1378320e-01  -4.3058125e+00
   6.0000000e+00   2.4329687e-01  -3.3068125e+00
   2.0000000e+00   2.6782227e-01  -4.3400000e+00
   2.0000000e+00   2.5541797e-01  -3.2610625e+00
   2.0000000e+00   3.3197852e-01  -4.3599375e+00
   2.0000000e+00   2.4795898e-01  -3.6968125e+00
   2.0000000e+00   4.1069727e-01  -6.3317500e+00
   2.0000000e+00   3.5206836e-01  -4.7219375e+00
   2.0000000e+00   3.0229102e-01  -4.7425000e+00
   6.0000000e+00   2.5021875e-01  -4.4340625e+00
   2.0000000e+00   3.3002344e-01  -4.5489375e+00
   6.0000000e+00   3.2984766e-01  -4.2376250e+00
   6.0000000e+00   1.9756445e-01  -4.0320625e+00
   6.0000000e+00   3.5183594e-01  -4.9570625e+00
   6.0000000e+00   2.8196289e-01  -3.4839375e+00
   6.0000000e+00   1.7928516e-01  -2.8095000e+00
   6.0000000e+00   2.2643555e-01  -2.9925625e+00
   2.0000000e+00   3.0280078e-01  -5.2407500e+00
   6.0000000e+00   2.7652734e-01  -5.0469375e+00
   2.0000000e+00   2.5445313e-01  -3.2235625e+00
   6.0000000e+00   2.3964258e-01  -3.0297500e+00
   2.0000000e+00   5.2559570e-01  -5.7077500e+00
   2.0000000e+00   2.9415430e-01  -5.6710000e+00
   6.0000000e+00   2.3642187e-01  -4.0826250e+00
   2.0000000e+00   3.0228516e-01  -4.4183750e+00
   2.0000000e+00   2.7196875e-01  -4.4168125e+00
   2.0000000e+00   3.3503320e-01  -4.7471250e+00
   6.0000000e+00   2.4691016e-01  -5.0823125e+00
   2.0000000e+00   3.2950586e-01  -5.2802500e+00
   6.0000000e+00   3.0623242e-01  -5.0476250e+00
   2.0000000e+00   2.8805859e-01  -4.6735000e+00
   2.0000000e+00   2.7817773e-01  -5.0130000e+00
   6.0000000e+00   2.6127930e-01  -4.6709375e+00
   2.0000000e+00   3.6915820e-01  -5.2210000e+00
   2.0000000e+00   2.6773242e-01  -4.1816250e+00
   2.0000000e+00   3.0394922e-01  -5.1747500e+00
   2.0000000e+00   2.9885547e-01  -5.4651250e+00
   6.0000000e+00   2.4193164e-01  -3.1226250e+00
   2.0000000e+00   2.3125195e-01  -4.1251875e+00
   6.0000000e+00   1.6492187e-01  -3.2562500e+00
   6.0000000e+00   2.3319922e-01  -5.2978125e+00
   6.0000000e+00   2.4421875e-01  -5.1660000e+00
   2.0000000e+00   2.7708008e-01  -3.8138750e+00
   2.0000000e+00   2.9437695e-01  -4.4804375e+00
   2.0000000e+00   2.1803125e-01  -4.6393125e+00
   6.0000000e+00   9.9000000e-02  -2.1715625e+00
   6.0000000e+00   4.2770703e-01  -5.0911875e+00
   6.0000000e+00   1.8293945e-01  -3.1890625e+00
   2.0000000e+00   2.8741406e-01  -6.5083750e+00
   6.0000000e+00   4.1494922e-01  -6.2541250e+00
   2.0000000e+00   2.7556055e-01  -4.5849375e+00
   6.0000000e+00   2.6510352e-01  -4.2962500e+00
   2.0000000e+00   1.9014453e-01  -3.5728125e+00
   6.0000000e+00   1.4791016e-01  -3.0376250e+00
   2.0000000e+00   4.7537305e-01  -4.7585000e+00
   6.0000000e+00   2.6779102e-01  -3.7138750e+00
   6.0000000e+00   3.0507812e-01  -4.6181250e+00
   2.0000000e+00   3.3665625e-01  -4.9698125e+00
   6.0000000e+00   2.5939062e-01  -4.4408125e+00
   2.0000000e+00   3.3357617e-01  -5.6697500e+00
   6.0000000e+00   1.9146484e-01  -3.2836875e+00
   2.0000000e+00   2.9271875e-01  -4.6921875e+00
   6.0000000e+00   3.2887500e-01  -6.4240000e+00
   2.0000000e+00   9.8136719e-02  -1.4321875e+00
   6.0000000e+00   3.1377148e-01  -4.4531875e+00
   6.0000000e+00   2.2067578e-01  -3.0832500e+00
   6.0000000e+00   2.0544336e-01  -3.3017500e+00
   2.0000000e+00   2.2839258e-01  -3.9957500e+00
   2.0000000e+00   3.6239258e-01  -5.0970625e+00
   6.0000000e+00   3.2701953e-01  -4.8238125e+00
   6.0000000e+00   3.6047070e-01  -4.7850625e+00
   2.0000000e+00   3.9016797e-01  -4.9833125e+00
   2.0000000e+00   3.7181836e-01  -4.9217500e+00
   2.0000000e+00   3.4039844e-01  -5.8288750e+00
   2.0000000e+00   3.3815820e-01  -5.9806875e+00
   6.0000000e+00   3.5847852e-01  -5.9447500e+00
   2.0000000e+00   2.6001172e-01  -3.8652500e+00
   2.0000000e+00   2.7386914e-01  -3.9796875e+00
   2.0000000e+00   3.4140820e-01  -4.7151875e+00
   6.0000000e+00   3.5266797e-01  -6.0053125e+00
   6.0000000e+00   2.0885156e-01  -2.6803750e+00
   2.0000000e+00   1.9181836e-01  -4.0843125e+00
   6.0000000e+00   2.3266016e-01  -3.5296875e+00
   2.0000000e+00   2.5605078e-01  -4.6960625e+00
   6.0000000e+00   2.9606250e-01  -5.3981875e+00
   6.0000000e+00   3.7524414e-01  -5.9794375e+00
   2.0000000e+00   3.3826953e-01  -5.9906250e+00
   6.0000000e+00   1.2005273e-01  -2.1151875e+00
   6.0000000e+00   2.6159375e-01  -4.0564375e+00
   2.0000000e+00   2.9062891e-01  -4.8981250e+00
   6.0000000e+00   2.9214844e-01  -5.2791875e+00
   2.0000000e+00   2.9903516e-01  -4.6679375e+00
   2.0000000e+00   2.3970312e-01  -3.8290000e+00
   6.0000000e+00   2.5690820e-01  -4.4128125e+00
   2.0000000e+00   2.8197461e-01  -5.8860000e+00
   2.0000000e+00   3.7932617e-01  -3.9695000e+00
   2.0000000e+00   2.1333594e-01  -3.8818125e+00
   6.0000000e+00   3.5055469e-01  -5.5453125e+00
   6.0000000e+00   1.6456836e-01  -2.9968750e+00
   2.0000000e+00   1.7953711e-01  -3.5082500e+00
   6.0000000e+00   2.7766992e-01  -4.9056250e+00
   6.0000000e+00   1.3338672e-01  -2.7768750e+00
   2.0000000e+00   1.6666602e-01  -3.1818750e+00
   6.0000000e+00   1.9645117e-01  -3.3471875e+00
   6.0000000e+00   2.0576172e-01  -4.0138750e+00
   6.0000000e+00   1.9426953e-01  -3.0633750e+00
   6.0000000e+00   1.2422070e-01  -2.5944375e+00
   6.0000000e+00   2.3111133e-01  -4.5469375e+00
   2.0000000e+00   2.5860352e-01  -4.2596250e+00
   6.0000000e+00   2.3511719e-01  -4.8870625e+00
   6.0000000e+00   2.2686523e-01  -4.1470000e+00
   6.0000000e+00   2.2783594e-01  -4.2703125e+00
   6.0000000e+00   2.3593750e-01  -4.1092500e+00
   6.0000000e+00   2.3233203e-01  -4.4281875e+00
   6.0000000e+00   1.8862109e-01  -3.5570625e+00
   6.0000000e+00   2.5218750e-01  -3.2321875e+00
   6.0000000e+00   2.8640820e-01  -5.2571875e+00
   6.0000000e+00   2.8647266e-01  -5.2295000e+00
   2.0000000e+00   4.0974609e-01  -6.5911875e+00
   2.0000000e+00   2.3354297e-01  -3.1538125e+00
   2.0000000e+00   2.0853320e-01  -3.4183750e+00
   2.0000000e+00   3.3665234e-01  -5.5881875e+00
   2.0000000e+00   3.5732422e-01  -5.4552500e+00
   2.0000000e+00   2.9158789e-01  -5.2996875e+00
   2.0000000e+00   3.6516211e-01  -4.9870625e+00
   6.0000000e+00   3.6582813e-01  -4.6817500e+00
   6.0000000e+00   2.0115625e-01  -3.7422500e+00
   2.0000000e+00   3.5107031e-01  -5.9088750e+00
   2.0000000e+00   4.1186133e-01  -5.3046250e+00
   2.0000000e+00   2.1062695e-01  -4.1370000e+00
   2.0000000e+00   2.4916992e-01  -4.5450000e+00
   2.0000000e+00   1.2539453e-01  -2.4486875e+00
   2.0000000e+00   2.9625195e-01  -4.1665000e+00
   2.0000000e+00   3.0539844e-01  -5.5684375e+00
   2.0000000e+00   3.2077539e-01  -4.6037500e+00
   2.0000000e+00   3.9958398e-01  -4.9132500e+00
   2.0000000e+00   3.4628711e-01  -5.7885625e+00
   2.0000000e+00   3.9264844e-01  -5.5818125e+00
   2.0000000e+00   2.6417188e-01  -4.3373125e+00
   2.0000000e+00   4.5968945e-01  -5.0433750e+00
   2.0000000e+00   2.9028516e-01  -4.7532500e+00
   2.0000000e+00   2.5547266e-01  -4.4555000e+00
   2.0000000e+00   2.7573828e-01  -4.6065625e+00
   2.0000000e+00   4.4541211e-01  -6.1632500e+00
   2.0000000e+00   3.9750586e-01  -5.7055625e+00
   2.0000000e+00   2.9246875e-01  -5.1526250e+00
   2.0000000e+00   2.8086523e-01  -5.5986875e+00
   2.0000000e+00   3.5510156e-01  -5.9024375e+00
   6.0000000e+00   3.4041602e-01  -5.3165625e+00
   6.0000000e+00   1.7203125e-01  -3.1764375e+00
   6.0000000e+00   2.5717578e-01  -3.6691250e+00
   2.0000000e+00   5.1934180e-01  -3.7427500e+00
   6.0000000e+00   2.6255664e-01  -4.3678750e+00
   2.0000000e+00   2.4034180e-01  -4.8110000e+00
   2.0000000e+00   2.2824414e-01  -4.9428750e+00
   6.0000000e+00   3.0680469e-01  -5.9586250e+00
   2.0000000e+00   2.3441406e-01  -3.7499375e+00
   6.0000000e+00   2.0039648e-01  -3.8567500e+00
   6.0000000e+00   2.7812891e-01  -5.2914375e+00
   6.0000000e+00   2.4467969e-01  -4.8430000e+00
   6.0000000e+00   3.7833008e-01  -5.1865000e+00
   6.0000000e+00   2.5216211e-01  -4.5590625e+00
   6.0000000e+00   3.2334180e-01  -5.5028125e+00
   6.0000000e+00   4.0981836e-01  -7.1111875e+00
   6.0000000e+00   3.0793164e-01  -4.2683125e+00
   2.0000000e+00   3.1110156e-01  -5.0136875e+00
   2.0000000e+00   3.7423047e-01  -5.2766250e+00
   2.0000000e+00   1.8012109e-01  -3.3941875e+00
   6.0000000e+00   2.0666992e-01  -3.6981250e+00
